Primal results:
w [*] :=
1  3.60723
2  3.92288
3  3.58943
4  4.06435
;

gamma = -7.63824

s [*] :=
   1 8.3552e-10     251 9.92488e-10    501 1.02694        751 0.756521
   2 9.70251e-10    252 8.21364e-10    502 8.68626e-10    752 1.46035
   3 1.62861        253 1.02931e-09    503 1.13653e-09    753 9.64829e-10
   4 9.6351e-10     254 8.34841e-10    504 0.584346       754 0.899063
   5 1.11251e-09    255 3.93745        505 1.09832e-09    755 2.9788
   6 1.11017e-09    256 8.47005e-10    506 3.07527        756 9.63426e-10
   7 0.570507       257 1.10713e-09    507 1.10928e-09    757 9.47414e-10
   8 0.949009       258 9.49766e-10    508 8.32466e-10    758 0.549063
   9 1.14424e-09    259 9.81257e-10    509 9.71766e-10    759 1.11741e-09
  10 1.00375e-09    260 0.424328       510 9.64366e-10    760 0.165465
  11 0.676638       261 0.0642357      511 1.79438        761 0.620231
  12 0.946134       262 0.832426       512 7.14702e-10    762 0.768447
  13 9.14488e-10    263 9.20755e-10    513 8.11973e-10    763 9.56487e-10
  14 1.5216         264 1.10729e-09    514 1.0419e-09     764 1.09112e-09
  15 9.80012e-10    265 1.03439e-09    515 9.7089e-10     765 9.63714e-10
  16 0.0259053      266 0.702316       516 0.697288       766 9.66082e-10
  17 0.702389       267 1.01166e-09    517 1.14475e-09    767 8.89285e-10
  18 0.272076       268 1.86725        518 8.39151e-10    768 0.0283775
  19 8.78194e-10    269 1.07723e-09    519 7.98237e-10    769 0.962697
  20 9.80586e-10    270 0.407824       520 7.03743e-10    770 9.56881e-10
  21 0.668784       271 8.57245e-10    521 9.67162e-10    771 1.14569e-09
  22 9.73065e-10    272 9.81616e-10    522 2.54172        772 0.56913
  23 9.68361e-10    273 1.13493e-09    523 0.657031       773 0.38722
  24 8.81108e-10    274 7.60237e-10    524 0.372409       774 0.353607
  25 1.143e-09      275 1.06042e-09    525 0.273851       775 0.783153
  26 3.45835        276 1.00176e-09    526 0.708637       776 1.0545e-09
  27 9.9027e-10     277 1.06614e-09    527 0.649284       777 1.25234e-09
  28 9.81051e-10    278 0.375825       528 1.14152e-09    778 1.00193e-09
  29 8.60552e-10    279 0.0279948      529 0.251744       779 9.58498e-10
  30 1.01666e-09    280 7.56254e-10    530 1.00525e-09    780 0.738451
  31 9.11875e-10    281 2.58374        531 9.92678e-10    781 0.722452
  32 1.14654e-09    282 0.650381       532 0.973758       782 1.13798e-09
  33 0.549208       283 0.661035       533 1.14186e-09    783 9.90885e-10
  34 8.28054e-10    284 9.7758e-10     534 3.11264        784 1.14549e-09
  35 0.647255       285 0.811018       535 0.0602071      785 0.811911
  36 9.60183e-10    286 0.457259       536 1.14223e-09    786 1.14602e-09
  37 0.452653       287 1.02125e-09    537 0.124213       787 0.297873
  38 0.781668       288 1.76157        538 0.6811         788 0.0103498
  39 0.1601         289 9.80892e-10    539 8.92441e-10    789 0.500121
  40 3.49854e-08    290 1.14577e-09    540 0.746439       790 9.81637e-10
  41 3.22314        291 9.69655e-10    541 0.638251       791 9.58304e-10
  42 3.66239        292 1.01218e-09    542 9.19165e-10    792 9.24621e-10
  43 1.07377e-09    293 1.02487e-09    543 1.12734e-09    793 9.46303e-10
  44 9.77505e-10    294 0.196321       544 9.0434e-10     794 1.12487e-09
  45 7.27655e-10    295 9.92791e-10    545 1.01656e-09    795 9.6144e-10
  46 9.52596e-10    296 8.20886e-10    546 0.125351       796 1.09057e-09
  47 1.14996e-09    297 6.78485e-10    547 0.517492       797 0.599475
  48 1.04423        298 2.63964        548 1.10199e-09    798 1.07234e-09
  49 0.927818       299 8.46308e-10    549 0.512073       799 9.44083e-10
  50 1.07228        300 9.68491e-10    550 0.0152746      800 7.57362e-10
  51 0.793349       301 7.44379e-10    551 8.01776e-10    801 9.07865e-10
  52 1.08576e-09    302 0.0391388      552 8.20703e-10    802 0.750933
  53 8.34925e-10    303 7.3473e-10     553 3.38781        803 1.10063e-09
  54 6.5959e-10     304 0.950483       554 9.68343e-10    804 1.13748e-09
  55 9.72091e-10    305 1.14534e-09    555 9.77448e-10    805 0.248605
  56 0.633727       306 9.75588e-10    556 1.10482e-09    806 0.348013
  57 1.12837e-09    307 7.49108e-10    557 0.372523       807 0.410277
  58 0.723158       308 6.19104        558 9.66339e-10    808 0.657122
  59 9.71331e-10    309 5.34489        559 7.68945e-10    809 8.67369e-10
  60 8.05629e-10    310 0.265579       560 8.68414e-10    810 7.70724e-10
  61 9.43502e-10    311 9.6745e-10     561 0.0805792      811 6.99408e-10
  62 0.189792       312 1.05977e-09    562 0.96354        812 1.02971e-09
  63 8.58742e-10    313 9.99365e-10    563 9.99495e-10    813 1.07448e-09
  64 7.51356e-10    314 1.13763e-09    564 7.94502e-10    814 1.14533e-09
  65 1.13806e-09    315 7.10299e-10    565 9.79481e-10    815 7.16511e-10
  66 6.76012e-10    316 0.188083       566 1.15066e-09    816 0.719084
  67 0.177279       317 1.07968e-09    567 0.990798       817 0.630296
  68 0.613556       318 1.01811e-09    568 9.38642e-10    818 1.08811e-09
  69 0.101271       319 1.05391        569 9.14412e-10    819 9.51652e-10
  70 0.53436        320 1.47668        570 9.79974e-10    820 9.63212e-10
  71 9.69612e-10    321 0.232803       571 1.09487e-09    821 9.81094e-10
  72 1.02848e-09    322 1.00192e-09    572 0.517275       822 9.60148e-10
  73 0.789357       323 0.207993       573 0.257904       823 6.87446e-10
  74 6.83206e-10    324 0.749527       574 0.740905       824 6.10347e-10
  75 1.01198e-09    325 6.83649e-10    575 7.69786e-10    825 6.88477e-10
  76 9.70939e-10    326 9.7172e-10     576 1.14527e-09    826 1.01419e-09
  77 1.14635e-09    327 8.38721e-10    577 0.866647       827 0.981122
  78 9.61284e-10    328 9.70574e-10    578 0.470308       828 5.06489e-09
  79 0.782356       329 1.01849e-09    579 1.00873e-09    829 0.259869
  80 0.55219        330 9.76564e-10    580 0.836633       830 0.907427
  81 1.03419e-09    331 7.3651e-10     581 1.09299e-09    831 6.85373e-10
  82 9.66426e-10    332 1.00611e-09    582 1.04752e-09    832 1.10406e-09
  83 0.146355       333 1.04688e-09    583 1.14357e-09    833 1.44149e-09
  84 1.14806e-09    334 1.13257e-09    584 0.229292       834 0.338441
  85 1.14697e-09    335 0.67227        585 0.617808       835 1.03016e-09
  86 9.79453e-10    336 9.94481e-10    586 1.08256e-09    836 1.01821e-09
  87 0.84806        337 1.13943e-09    587 7.99805e-10    837 0.271128
  88 1.12778e-09    338 1.13205e-09    588 0.758412       838 9.82282e-10
  89 1.1416e-09     339 9.84111e-10    589 1.14525e-09    839 0.300622
  90 8.61171e-10    340 0.0909682      590 0.0472946      840 9.6481e-10
  91 0.924905       341 0.774298       591 8.05755e-10    841 1.02275e-09
  92 0.512276       342 0.790035       592 9.61667e-10    842 9.67845e-10
  93 1.0005e-09     343 0.880274       593 1.09886e-09    843 7.39908e-10
  94 0.82322        344 9.68986e-10    594 6.65435e-10    844 0.0353879
  95 1.02205e-09    345 1.13873e-09    595 2.36306        845 9.7375e-10
  96 8.34459e-10    346 0.83059        596 1.14486e-09    846 0.360682
  97 0.0149756      347 0.976872       597 0.621973       847 7.76969e-10
  98 9.828e-10      348 1.25137        598 1.13195e-09    848 0.139852
  99 0.261746       349 9.75001e-10    599 0.212988       849 1.1144e-09
 100 1.03727e-09    350 7.50053e-10    600 9.69026e-10    850 0.221183
 101 9.74294e-10    351 0.102625       601 9.66391e-10    851 0.848611
 102 7.5701e-10     352 0.885071       602 6.76966e-10    852 9.6237e-10
 103 1.14671e-09    353 8.08056e-10    603 1.07751e-09    853 9.53797e-10
 104 1.02615e-09    354 1.14923e-09    604 1.04952e-09    854 9.53948e-10
 105 0.592326       355 8.60879e-10    605 9.00859e-10    855 9.68125e-10
 106 0.632911       356 8.79818e-10    606 0.639963       856 6.7659e-10
 107 0.651488       357 0.260268       607 9.03592e-10    857 0.956186
 108 9.73961e-10    358 9.29421e-10    608 9.67313e-10    858 0.524548
 109 9.69495e-10    359 0.0967524      609 0.308905       859 1.02468e-09
 110 6.50599e-10    360 7.63814e-10    610 9.73948e-10    860 9.5226e-10
 111 7.44813e-10    361 9.63596e-10    611 0.406571       861 1.12504e-09
 112 0.686949       362 7.12585e-10    612 0.352672       862 1.14852e-09
 113 1.12773e-09    363 0.0990697      613 9.73164e-10    863 0.403865
 114 9.41777e-10    364 0.257837       614 1.10987e-09    864 1.14698e-09
 115 0.500716       365 4.45074        615 1.08129e-09    865 7.97328e-10
 116 1.14608e-09    366 0.55446        616 1.14268e-09    866 8.02714e-10
 117 7.7223e-10     367 0.971829       617 1.03622e-09    867 7.27768e-10
 118 0.245226       368 0.767406       618 9.73692e-10    868 7.42809e-10
 119 9.56024e-10    369 3.94727        619 9.72882e-10    869 6.89417e-10
 120 0.543231       370 0.652074       620 1.05705        870 8.70194e-10
 121 8.90814e-10    371 0.116093       621 6.65472e-10    871 8.67042e-10
 122 9.24754e-10    372 9.65121e-10    622 0.369046       872 8.84674e-10
 123 1.0998e-09     373 0.686096       623 9.56594e-10    873 1.00943e-09
 124 1.00421e-09    374 1.04984e-09    624 2.51753        874 1.16172
 125 1.01517e-09    375 9.25014e-10    625 6.94979e-10    875 1.1155e-09
 126 7.43683e-10    376 1.0895e-09     626 0.757266       876 0.951129
 127 8.99065e-10    377 0.0208085      627 1.08817e-09    877 8.50258e-10
 128 6.99588e-10    378 1.14598e-09    628 0.379141       878 1.04777e-09
 129 0.831943       379 1.13346e-09    629 8.40381e-10    879 9.8808e-10
 130 0.00691495     380 1.14386e-09    630 9.62318e-10    880 0.660154
 131 1.05739e-09    381 9.12494e-10    631 1.081e-09      881 9.75779e-10
 132 1.12755e-09    382 9.68242e-10    632 9.09809e-10    882 0.624825
 133 1.0019e-09     383 1.08202e-09    633 0.403137       883 1.00729e-09
 134 1.01482e-09    384 9.74319e-10    634 0.863378       884 1.06353e-09
 135 9.77804e-10    385 7.0174e-10     635 0.440047       885 0.842319
 136 0.249927       386 0.309069       636 9.18527e-10    886 9.18366e-10
 137 9.90705e-10    387 1.94311        637 9.78173e-10    887 0.422742
 138 7.64563e-10    388 9.78185e-10    638 0.507602       888 9.54781e-10
 139 1.13787e-09    389 9.82405e-10    639 8.98041e-10    889 9.77954e-10
 140 7.23031e-10    390 1.125e-09      640 9.17717e-10    890 9.00631e-10
 141 9.67267e-10    391 0.808189       641 9.73278e-10    891 1.05315e-09
 142 8.61961e-10    392 1.14588e-09    642 0.35794        892 9.63084e-10
 143 9.74335e-10    393 6.38981e-10    643 1.0632e-09     893 0.0214024
 144 9.79745e-10    394 9.16821e-10    644 1.13363e-09    894 9.70404e-10
 145 7.65086e-10    395 1.0717e-09     645 1.01054e-09    895 0.606842
 146 1.09013e-09    396 1.14306e-09    646 0.387899       896 1.0249e-09
 147 1.14659e-09    397 1.11167e-09    647 9.68984e-10    897 1.1482e-09
 148 1.08454        398 7.37399e-10    648 0.688592       898 1.05581e-09
 149 0.00294701     399 1.03041e-09    649 9.96401e-10    899 7.61292e-10
 150 1.1453e-09     400 3.38141        650 1.09731        900 7.23866e-10
 151 1.07839e-09    401 9.60833e-10    651 2.82027        901 9.78501e-10
 152 1.12785e-09    402 0.420747       652 1.04978e-09    902 1.14139e-09
 153 1.14371e-09    403 0.278684       653 8.62155e-10    903 0.490769
 154 6.86567e-10    404 9.5605e-10     654 6.42265e-10    904 1.14517e-09
 155 1.01186e-09    405 1.1488         655 0.102587       905 0.581423
 156 0.579164       406 0.157105       656 1.02371e-09    906 0.822318
 157 9.69081e-10    407 6.76704e-10    657 9.65624e-10    907 7.63768e-10
 158 8.96688e-10    408 1.22779        658 0.936274       908 1.13663e-09
 159 8.42567e-10    409 1.69627        659 0.629219       909 1.05746e-09
 160 1.01533e-09    410 0.847035       660 0.812641       910 7.18143e-10
 161 8.91675e-10    411 7.16825e-10    661 1.00966e-09    911 8.17342e-10
 162 1.13046e-09    412 1.28405        662 0.468088       912 1.13397e-09
 163 1.15056e-09    413 0.768986       663 9.37277e-10    913 1.04344e-09
 164 9.98176e-10    414 0.0523338      664 1.13832e-09    914 0.451375
 165 9.76092e-10    415 1.13286e-09    665 9.70081e-10    915 9.91728e-10
 166 0.0714687      416 0.441429       666 0.0747043      916 1.13544e-09
 167 9.89524e-10    417 0.421476       667 7.17837e-10    917 0.544117
 168 1.08952e-09    418 0.11393        668 2.35923        918 1.14379e-09
 169 1.1234e-09     419 1.12405e-09    669 1.07132e-09    919 1.14307e-09
 170 0.626295       420 0.674082       670 9.82449e-10    920 8.63912e-10
 171 9.59565e-10    421 0.630369       671 7.40923e-10    921 9.49625e-10
 172 1.14594e-09    422 1.11587e-09    672 9.38808e-10    922 0.957255
 173 6.66805e-10    423 7.23839e-10    673 7.01768e-10    923 9.53463e-10
 174 9.30662e-10    424 0.0510515      674 0.00579939     924 9.68225e-10
 175 0.494504       425 9.69172e-10    675 9.6606e-10     925 1.1382e-09
 176 9.86882e-10    426 9.95522e-10    676 2.85269        926 0.817996
 177 7.60162e-10    427 3.67031        677 0.374954       927 9.42412e-10
 178 1.09645e-09    428 1.09785        678 0.29329        928 0.973221
 179 8.49665e-10    429 0.551918       679 5.15482e-10    929 0.988037
 180 0.274815       430 0.799044       680 6.07287e-10    930 1.141e-09
 181 9.64429e-10    431 9.65821e-10    681 9.45211e-10    931 8.47422e-10
 182 8.7876e-10     432 1.09965        682 7.29864e-10    932 1.78857
 183 9.76459e-10    433 0.884447       683 1.00592e-09    933 9.52088e-10
 184 1.04007e-09    434 0.872023       684 9.28641e-10    934 8.20846e-10
 185 1.57823        435 9.54292e-10    685 0.898608       935 0.956688
 186 0.675794       436 1.13857e-09    686 7.53975e-10    936 1.01371e-09
 187 9.64773e-10    437 1.01985e-09    687 9.67621e-10    937 9.95392e-10
 188 9.90777e-10    438 9.40178e-10    688 1.02359e-09    938 9.75314e-10
 189 1.14511e-09    439 9.20682e-10    689 3.81137        939 0.178717
 190 9.68878e-10    440 9.72192e-10    690 9.76075e-10    940 9.61455e-10
 191 7.35686e-10    441 0.595114       691 0.0960836      941 0.591839
 192 0.68343        442 1.1254e-09     692 0.872612       942 8.8367e-10
 193 5.25004e-08    443 1.05877e-09    693 9.72669e-10    943 0.762487
 194 8.52526e-10    444 0.457454       694 9.85006e-10    944 0.627728
 195 9.42037e-10    445 9.67553e-10    695 1.0515e-09     945 1.01059e-09
 196 9.43064e-10    446 0.23823        696 1.07873e-09    946 1.12016e-09
 197 8.72726e-10    447 1.14734e-09    697 0.618309       947 9.87475e-10
 198 0.0740479      448 9.76666e-10    698 1.06012e-09    948 7.87397e-10
 199 0.813204       449 0.671461       699 2.49589        949 1.14702e-09
 200 2.07846        450 1.08841e-09    700 7.67094e-10    950 0.5747
 201 7.55048e-10    451 8.94038e-10    701 7.37531e-10    951 7.22542e-10
 202 9.64823e-10    452 0.204689       702 9.77749e-10    952 1.14498e-09
 203 9.70365e-10    453 1.12975e-09    703 7.48907e-10    953 9.43358e-10
 204 1.05027e-09    454 0.315357       704 9.16328e-10    954 9.79656e-10
 205 8.86708e-10    455 1.08133e-09    705 9.64761e-10    955 8.58641e-10
 206 1.16618        456 7.41714e-10    706 7.65938e-10    956 9.58227e-10
 207 8.83532e-10    457 1.15133e-09    707 8.60447e-10    957 0.463496
 208 8.03933e-10    458 1.11823e-09    708 1.00448e-09    958 9.70918e-10
 209 0.614475       459 0.85059        709 1.11892e-09    959 3.59463
 210 9.35939e-10    460 1.08925e-09    710 0.125876       960 1.12372e-09
 211 9.83126e-10    461 1.0475e-09     711 0.415236       961 1.08153e-09
 212 9.5308e-10     462 3.21358        712 0.984726       962 9.97748e-10
 213 9.51735e-10    463 0.175509       713 9.67601e-10    963 9.62688e-10
 214 8.33385e-10    464 1.13441e-09    714 7.40311e-10    964 9.33229e-10
 215 1.14089e-09    465 0.774614       715 9.76965e-10    965 1.1341e-09
 216 1.10502e-09    466 0.750308       716 0.0800337      966 9.38934e-10
 217 1.13374e-09    467 0.699219       717 9.95501e-10    967 2.41908
 218 1.02165e-09    468 1.01129e-09    718 9.60643e-10    968 1.13517e-09
 219 0.870366       469 0.77884        719 9.92121e-10    969 7.91428e-10
 220 0.556285       470 8.17198e-10    720 9.57776e-10    970 1.01286
 221 1.05352e-09    471 1.02202e-09    721 1.01675e-09    971 8.72817e-10
 222 8.43016e-10    472 9.57171e-10    722 1.0106e-09     972 7.42723e-10
 223 1.14009e-09    473 8.76328e-10    723 8.21855e-10    973 1.0923e-09
 224 8.36222e-10    474 0.00679383     724 0.66207        974 9.69112e-10
 225 9.63107e-10    475 0.813511       725 7.4922e-10     975 1.13889e-09
 226 1.14192e-09    476 0.432487       726 7.05535e-10    976 0.457674
 227 0.749329       477 9.40467e-10    727 0.769547       977 9.69591e-10
 228 9.42547e-10    478 8.08292e-10    728 1.08837e-09    978 1.00331
 229 0.260259       479 0.295753       729 0.367034       979 8.30654e-10
 230 9.39446e-10    480 1.12281e-09    730 9.73085e-10    980 8.63277e-10
 231 9.76341e-10    481 9.60857e-10    731 0.309828       981 1.08413
 232 0.463864       482 0.764659       732 7.85662e-10    982 9.7729e-10
 233 1.13817e-09    483 9.6811e-10     733 1.14643e-09    983 9.51786e-10
 234 1.11482        484 0.787019       734 8.46412e-10    984 9.5982e-10
 235 7.58004e-10    485 9.76073e-10    735 9.96876e-10    985 1.14508e-09
 236 0.482715       486 1.11814e-09    736 7.08221e-10    986 0.82842
 237 1.05176e-09    487 0.164112       737 1.00931        987 8.94272e-10
 238 1.14135e-09    488 1.06619e-09    738 9.72678e-10    988 9.79718e-10
 239 7.28581e-10    489 9.01998e-10    739 9.56395e-10    989 3.4034
 240 6.72882e-10    490 0.144613       740 2.48972        990 0.0158778
 241 9.71038e-10    491 0.839542       741 0.879934       991 7.17694e-10
 242 6.68867e-10    492 1.07831e-09    742 1.01665e-09    992 0.840162
 243 1.08466        493 8.56395e-10    743 9.69512e-10    993 0.646319
 244 9.77946e-10    494 7.37251e-10    744 0.497268       994 1.08111e-09
 245 2.0981         495 7.00356e-10    745 7.76764e-10    995 1.08658e-09
 246 3.0596         496 0.941371       746 1.09809        996 0.623234
 247 0.0926124      497 9.89313e-10    747 0.25159        997 7.18769e-10
 248 1.1493e-09     498 0.442309       748 0.137879       998 9.97177e-10
 249 1.10644e-09    499 0.858931       749 2.71492        999 1.12475e-09
 250 1.13522e-09    500 1.11188        750 0.269691      1000 1.01029e-09
;



Computed w:
w [*] :=
1  3.60723
2  3.92288
3  3.58943
4  4.06435
;



Computed gamma:
gamma = -7.63824



Dual results:
lambda [*] :=
   1 6.3073e-10     251 5.76018e-11    501 1              751 1
   2 6.43949e-11    252 6.64275e-10    502 1.14741e-10    752 1
   3 1              253 5.02554e-11    503 3.40763e-11    753 6.88618e-11
   4 8.91472e-11    254 5.72117e-10    504 1              754 1
   5 3.85994e-11    255 1              505 3.99986e-11    755 1
   6 3.94404e-11    256 1.15258e-10    506 1              756 9.31026e-11
   7 1              257 3.77591e-11    507 3.80806e-11    757 9.28906e-11
   8 1              258 6.20858e-11    508 3.15044e-09    758 1
   9 2.68585e-11    259 6.67941e-11    509 8.21398e-11    759 3.68893e-11
  10 5.50097e-11    260 1              510 6.5731e-11     760 1
  11 1              261 1              511 1              761 1
  12 1              262 1              512 2.49998e-10    762 1
  13 1.21099e-09    263 1.03097e-10    513 4.69043e-10    763 1.70732e-09
  14 1              264 3.9968e-11     514 4.7252e-11     764 4.07412e-11
  15 6.3795e-11     265 4.92663e-11    515 7.90356e-11    765 7.18173e-11
  16 1              266 1              516 1              766 8.39352e-11
  17 1              267 5.33973e-11    517 3.2111e-11     767 1.11403e-10
  18 1              268 1              518 3.0841e-10     768 1
  19 9.79224e-10    269 4.31936e-11    519 2.4011e-10     769 1
  20 7.62123e-11    270 1              520 1.62138e-10    770 9.6334e-11
  21 1              271 1.14279e-10    521 7.64895e-11    771 2.62914e-11
  22 7.46878e-11    272 6.77968e-11    522 1              772 1
  23 6.08487e-11    273 3.34516e-11    523 1              773 1
  24 6.77014e-10    274 2.54744e-10    524 1              774 1
  25 2.5431e-11     275 4.62123e-11    525 1              775 1
  26 1              276 4.99207e-11    526 1              776 4.56163e-11
  27 5.8634e-11     277 4.44449e-11    527 1              777 2.86356e-09
  28 6.43396e-11    278 1              528 2.4455e-11     778 5.63265e-11
  29 1.1917e-10     279 1              529 1              779 6.64105e-11
  30 5.44513e-11    280 3.15402e-10    530 5.36756e-11    780 1
  31 1.04e-10       281 1              531 5.5939e-11     781 1
  32 3.01715e-11    282 1              532 1              782 3.38487e-11
  33 1              283 1              533 2.48244e-11    783 5.51386e-11
  34 1.2145e-10     284 7.85679e-11    534 1              784 2.59547e-11
  35 1              285 1              535 1              785 1
  36 8.66907e-11    286 1              536 3.17004e-11    786 2.74268e-11
  37 1              287 5.20434e-11    537 1              787 1
  38 1              288 1              538 1              788 1
  39 1              289 7.05517e-11    539 1.16748e-10    789 1
  40 0.884246       290 3.00398e-11    540 1              790 6.69845e-11
  41 1              291 7.19527e-11    541 1              791 6.88597e-11
  42 1              292 5.04585e-11    542 6.91637e-10    792 9.72206e-11
  43 4.00828e-11    293 5.02051e-11    543 3.54664e-11    793 9.42128e-11
  44 6.30393e-11    294 1              544 1.04336e-10    794 3.69419e-11
  45 1.63267e-10    295 5.76335e-11    545 5.15814e-11    795 8.4775e-11
  46 9.36889e-11    296 3.14732e-10    546 1              796 4.20075e-11
  47 2.96427e-11    297 1.69554e-10    547 1              797 1
  48 1              298 1              548 3.93054e-11    798 4.30366e-11
  49 1              299 1.22238e-10    549 1              799 9.32406e-11
  50 1              300 7.14429e-11    550 1              800 1.61418e-10
  51 1              301 1.53457e-10    551 3.11851e-10    801 1.14294e-10
  52 4.22193e-11    302 1              552 1.42676e-10    802 1
  53 7.46758e-10    303 1.63314e-10    553 1              803 3.81892e-11
  54 1.5999e-10     304 1              554 7.21742e-11    804 3.37786e-11
  55 7.00238e-11    305 3.03434e-11    555 6.83593e-11    805 1
  56 1              306 6.53413e-11    556 3.8545e-11     806 1
  57 3.48368e-11    307 2.57685e-10    557 1              807 1
  58 1              308 1              558 6.99959e-11    808 1
  59 7.25518e-11    309 1              559 1.43579e-10    809 8.54645e-10
  60 2.60584e-10    310 1              560 5.70123e-10    810 2.4605e-10
  61 1.22166e-09    311 6.97287e-11    561 1              811 2.07641e-10
  62 1              312 4.59253e-11    562 1              812 5.00651e-11
  63 9.29331e-10    313 5.49862e-11    563 5.74747e-11    813 4.27757e-11
  64 1.60439e-10    314 3.37861e-11    564 1.19664e-10    814 2.7245e-11
  65 3.26618e-11    315 1.75399e-10    565 6.00514e-11    815 1.74429e-10
  66 2.24359e-10    316 1              566 2.64173e-11    816 1
  67 1              317 4.16192e-11    567 1              817 1
  68 1              318 4.94354e-11    568 9.80154e-11    818 4.00589e-11
  69 1              319 1              569 1.02527e-10    819 9.19629e-11
  70 1              320 1              570 6.74106e-11    820 8.39671e-11
  71 7.90149e-11    321 1              571 4.08993e-11    821 5.63123e-11
  72 4.67537e-11    322 5.10432e-11    572 1              822 6.43375e-11
  73 1              323 1              573 1              823 1.71359e-10
  74 1.50942e-10    324 1              574 1              824 1.97595e-10
  75 5.25373e-11    325 1.85034e-10    575 3.88027e-10    825 1.54697e-10
  76 6.49224e-11    326 7.21321e-11    576 3.0599e-11     826 5.37189e-11
  77 2.75967e-11    327 1.14953e-10    577 1              827 1
  78 8.68984e-11    328 8.00822e-11    578 1              828 0.862318
  79 1              329 4.79171e-11    579 5.41407e-11    829 1
  80 1              330 6.25691e-11    580 1              830 1
  81 4.89537e-11    331 2.06293e-10    581 4.09149e-11    831 2.30072e-10
  82 7.58536e-11    332 5.51975e-11    582 4.6769e-11     832 3.99555e-11
  83 1              333 4.73582e-11    583 2.54709e-11    833 3.56985e-09
  84 3.09924e-11    334 3.43025e-11    584 1              834 1
  85 2.81408e-11    335 1              585 1              835 4.86045e-11
  86 5.75988e-11    336 5.67548e-11    586 4.11591e-11    836 5.06615e-11
  87 1              337 3.3505e-11     587 1.37221e-10    837 1
  88 3.47132e-11    338 3.50615e-11    588 1              838 5.59238e-11
  89 2.47008e-11    339 1.21139e-09    589 3.05481e-11    839 1
  90 1.18657e-10    340 1              590 1              840 8.16912e-11
  91 1              341 1              591 1.36857e-10    841 4.94001e-11
  92 1              342 1              592 9.32437e-11    842 7.52294e-11
  93 5.53119e-11    343 1              593 3.93461e-11    843 1.3005e-10
  94 1              344 8.54831e-11    594 1.5424e-10     844 1
  95 4.77919e-11    345 3.24887e-11    595 1              845 6.98137e-11
  96 3.32972e-10    346 1              596 3.05881e-11    846 1
  97 1              347 1              597 1              847 1.46739e-10
  98 6.80751e-11    348 1              598 3.55347e-11    848 1
  99 1              349 6.73552e-11    599 1              849 3.75883e-11
 100 4.94613e-11    350 1.38133e-10    600 7.91164e-11    850 1
 101 7.29941e-11    351 1              601 6.92385e-11    851 1
 102 1.44242e-10    352 1              602 1.63971e-10    852 8.44853e-11
 103 2.78673e-11    353 1.34344e-10    603 4.32445e-11    853 7.27969e-11
 104 4.98659e-11    354 2.85302e-11    604 4.33443e-11    854 6.27016e-11
 105 1              355 3.73464e-10    605 1.08031e-10    855 9.49545e-11
 106 1              356 1.03581e-10    606 1              856 2.19451e-10
 107 1              357 1              607 1.03128e-10    857 1
 108 8.02497e-11    358 9.74492e-11    608 5.78607e-11    858 1
 109 7.75562e-11    359 1              609 1              859 4.78278e-11
 110 1.97222e-10    360 1.6519e-10     610 7.88891e-11    860 6.75232e-11
 111 3.43066e-10    361 6.25639e-11    611 1              861 3.64684e-11
 112 1              362 2.68007e-10    612 1              862 2.79423e-11
 113 3.51459e-11    363 1              613 8.36801e-11    863 1
 114 9.54504e-11    364 1              614 3.81456e-11    864 2.99137e-11
 115 1              365 1              615 4.28436e-11    865 3.47248e-10
 116 3.08136e-11    366 1              616 3.13068e-11    866 1.35954e-10
 117 1.49307e-10    367 1              617 4.83323e-11    867 1.76077e-10
 118 1              368 1              618 8.02329e-11    868 2.09269e-10
 119 6.76902e-11    369 1              619 6.16485e-11    869 1.70967e-10
 120 1              370 1              620 1              870 4.3941e-10
 121 8.86111e-10    371 1              621 2.11502e-10    871 1.68019e-09
 122 9.98019e-11    372 6.48099e-11    622 1              872 1.65061e-09
 123 3.98559e-11    373 1              623 9.13244e-11    873 4.89259e-11
 124 5.37421e-11    374 4.64875e-11    624 1              874 1
 125 5.29749e-11    375 9.88954e-11    625 1.90703e-10    875 3.71815e-11
 126 1.51425e-10    376 3.97821e-11    626 1              876 1
 127 3.33978e-10    377 1              627 4.27994e-11    877 4.83929e-10
 128 2.30078e-10    378 3.10654e-11    628 1              878 4.50818e-11
 129 1              379 3.45783e-11    629 2.97939e-10    879 2.23789e-09
 130 1              380 2.56875e-11    630 6.86621e-11    880 1
 131 4.60552e-11    381 3.9115e-10     631 4.18006e-11    881 5.96085e-11
 132 3.51566e-11    382 7.62986e-11    632 1.02786e-10    882 1
 133 5.68522e-11    383 4.1899e-11     633 1              883 5.34122e-11
 134 5.11794e-11    384 5.85457e-11    634 1              884 4.48495e-11
 135 7.84768e-11    385 1.64376e-10    635 1              885 1
 136 1              386 1              636 1.07109e-10    886 6.03798e-10
 137 6.08429e-11    387 1              637 8.41202e-11    887 1
 138 1.69069e-10    388 5.84752e-11    638 1              888 8.94616e-11
 139 3.27074e-11    389 5.35952e-11    639 1.85276e-09    889 6.6787e-11
 140 1.74658e-10    390 3.60053e-11    640 1.00459e-10    890 1.37374e-09
 141 8.60649e-11    391 1              641 7.33645e-11    891 4.68252e-11
 142 1.17845e-10    392 3.0095e-11     642 1              892 6.83552e-11
 143 7.12137e-11    393 1.90932e-10    643 4.49972e-11    893 1
 144 5.76334e-11    394 1.83339e-09    644 3.36816e-11    894 6.58278e-11
 145 1.66826e-10    395 4.30625e-11    645 4.92626e-11    895 1
 146 4.21228e-11    396 2.58613e-11    646 1              896 4.9317e-11
 147 3.02545e-11    397 3.86417e-11    647 7.65782e-11    897 2.62769e-11
 148 1              398 3.08671e-10    648 1              898 4.56206e-11
 149 1              399 4.89074e-11    649 5.5559e-11     899 1.38801e-10
 150 3.08035e-11    400 1              650 1              900 2.05167e-10
 151 4.1961e-11     401 7.92964e-11    651 1              901 6.11184e-11
 152 3.50813e-11    402 1              652 4.82171e-11    902 3.28133e-11
 153 3.06999e-11    403 1              653 1.2587e-10     903 1
 154 1.57367e-10    404 7.15489e-11    654 1.67095e-10    904 2.74294e-11
 155 5.29547e-11    405 1              655 1              905 1
 156 1              406 1              656 4.91739e-11    906 1
 157 9.27119e-11    407 2.30002e-10    657 7.38308e-11    907 1.2005e-10
 158 2.06158e-09    408 1              658 1              908 3.30595e-11
 159 1.35807e-10    409 1              659 1              909 4.53214e-11
 160 5.40944e-11    410 1              660 1              910 1.56124e-10
 161 1.07683e-10    411 1.96193e-10    661 5.32904e-11    911 1.21503e-10
 162 3.58276e-11    412 1              662 1              912 3.48532e-11
 163 2.96182e-11    413 1              663 1.01512e-10    913 4.73499e-11
 164 5.39874e-11    414 1              664 2.25834e-11    914 1
 165 8.80371e-11    415 3.49944e-11    665 7.92828e-11    915 5.91266e-11
 166 1              416 1              666 1              916 3.47185e-11
 167 5.52878e-11    417 1              667 2.40495e-10    917 1
 168 4.16756e-11    418 1              668 1              918 3.21574e-11
 169 3.72245e-11    419 3.66447e-11    669 4.15608e-11    919 3.12646e-11
 170 1              420 1              670 3.53088e-09    920 4.62552e-10
 171 8.81683e-11    421 1              671 1.86726e-10    921 9.14425e-11
 172 3.09114e-11    422 3.60803e-11    672 1.00499e-10    922 1
 173 1.73752e-10    423 1.52751e-10    673 1.53185e-10    923 6.50665e-11
 174 9.8515e-11     424 1              674 1              924 6.09702e-11
 175 1              425 9.38015e-11    675 5.46294e-11    925 3.27233e-11
 176 6.06566e-11    426 5.78238e-11    676 1              926 1
 177 1.26806e-10    427 1              677 1              927 9.45031e-11
 178 3.99981e-11    428 1              678 1              928 1
 179 1.17396e-10    429 1              679 0.627116       929 1
 180 1              430 1              680 1.84037e-10    930 3.20894e-11
 181 8.0131e-11     431 7.22595e-11    681 0.307612       931 5.1889e-10
 182 4.93188e-10    432 1              682 2.29099e-10    932 1
 183 7.31164e-11    433 1              683 5.38767e-11    933 9.85532e-11
 184 4.61218e-11    434 1              684 1.02095e-10    934 1.33975e-10
 185 1              435 7.06845e-11    685 1              935 1
 186 1              436 3.36588e-11    686 1.65533e-10    936 5.20243e-11
 187 6.15362e-11    437 5.03353e-11    687 6.65707e-11    937 5.49014e-11
 188 5.78952e-11    438 9.66503e-11    688 5.16565e-11    938 5.76073e-11
 189 3.00921e-11    439 1.04016e-10    689 1              939 1
 190 8.70839e-11    440 7.48068e-11    690 8.26355e-11    940 9.32598e-11
 191 2.6702e-10     441 1              691 1              941 1
 192 1              442 3.55326e-11    692 1              942 1.22244e-10
 193 0.933932       443 4.35509e-11    693 7.43873e-11    943 1
 194 3.94078e-10    444 1              694 6.00261e-11    944 1
 195 9.50593e-11    445 7.67609e-11    695 4.50881e-11    945 1.29302e-09
 196 8.56849e-10    446 1              696 4.31814e-11    946 3.62148e-11
 197 1.36565e-09    447 3.08582e-11    697 1              947 5.58129e-11
 198 1              448 7.4863e-11     698 4.46281e-11    948 2.89389e-10
 199 1              449 1              699 1              949 2.83079e-11
 200 1              450 4.12088e-11    700 1.39268e-10    950 1
 201 1.55251e-10    451 2.66301e-09    701 1.38996e-10    951 2.27759e-10
 202 6.7749e-11     452 1              702 5.91001e-11    952 3.06737e-11
 203 7.86227e-11    453 3.57232e-11    703 1.62887e-10    953 9.86073e-11
 204 4.77498e-11    454 1              704 1.0403e-10     954 5.56172e-11
 205 1.05498e-10    455 4.067e-11      705 5.98187e-11    955 8.24739e-10
 206 1              456 1.57587e-10    706 3.50181e-10    956 6.99256e-11
 207 1.08364e-10    457 2.98792e-11    707 7.33141e-10    957 1
 208 1.26001e-10    458 3.78886e-11    708 5.21805e-11    958 8.2489e-11
 209 1              459 1              709 3.58962e-11    959 1
 210 1.44917e-09    460 4.11523e-11    710 1              960 3.66943e-11
 211 6.61315e-11    461 4.35658e-11    711 1              961 4.18874e-11
 212 8.72478e-11    462 1              712 1              962 5.44545e-11
 213 7.01516e-11    463 1              713 7.88683e-11    963 7.31301e-11
 214 1.33129e-10    464 3.46225e-11    714 2.6245e-10     964 1.01448e-10
 215 3.20509e-11    465 1              715 8.515e-11      965 3.48586e-11
 216 3.93901e-11    466 1              716 1              966 1.0067e-10
 217 3.4836e-11     467 1              717 5.73937e-11    967 1
 218 5.1356e-11     468 5.32152e-11    718 8.64636e-11    968 3.33058e-11
 219 1              469 1              719 5.12358e-11    969 1.47242e-10
 220 1              470 2.88273e-10    720 7.16157e-11    970 1
 221 4.42771e-11    471 5.174e-11      721 4.76021e-11    971 1.1929e-10
 222 1.12995e-10    472 9.30373e-11    722 5.1738e-11     972 1.37282e-10
 223 2.21881e-11    473 1.10355e-10    723 3.96644e-10    973 4.13176e-11
 224 3.68001e-10    474 1              724 1              974 5.91094e-11
 225 8.45726e-11    475 1              725 1.94866e-10    975 3.35633e-11
 226 2.56623e-11    476 1              726 1.88373e-10    976 1
 227 1              477 9.18812e-11    727 1              977 8.83461e-11
 228 9.60855e-11    478 1.30539e-10    728 4.19212e-11    978 1
 229 1              479 1              729 1              979 1.29136e-10
 230 1.00813e-10    480 3.62517e-11    730 7.01921e-11    980 1.11995e-10
 231 8.1664e-11     481 7.4244e-11     731 1              981 1
 232 1              482 1              732 4.3921e-10     982 7.86618e-11
 233 2.40337e-11    483 7.75896e-11    733 2.79137e-11    983 9.24638e-11
 234 1              484 1              734 3.41143e-10    984 1.58462e-09
 235 1.32325e-10    485 8.09876e-11    735 5.24289e-11    985 3.15505e-11
 236 1              486 3.82648e-11    736 1.79235e-10    986 1
 237 4.38194e-11    487 1              737 1              987 1.09015e-10
 238 3.18196e-11    488 4.29828e-11    738 6.15136e-11    988 5.98163e-11
 239 2.0724e-10     489 9.83856e-11    739 6.38739e-11    989 1
 240 1.9666e-10     490 1              740 1              990 1
 241 8.21351e-11    491 1              741 1              991 2.35556e-10
 242 1.67067e-10    492 4.21305e-11    742 4.84165e-11    992 1
 243 1              493 4.705e-10      743 7.3053e-11     993 1
 244 8.61145e-11    494 1.45368e-10    744 1              994 4.3292e-11
 245 1              495 2.45983e-10    745 2.52364e-10    995 4.08448e-11
 246 1              496 1              746 1              996 1
 247 1              497 5.55937e-11    747 1              997 2.26188e-10
 248 2.92039e-11    498 1              748 1              998 5.54544e-11
 249 3.9616e-11     499 1              749 1              999 3.61421e-11
 250 3.35338e-11    500 1              750 1             1000 5.19e-11
;



Predictions:
y_pred [*] :=
   1 -1    126 -1    251  1    376 -1    501  1    626 -1    751 -1    876  1
   2  1    127  1    252 -1    377 -1    502 -1    627 -1    752  1    877 -1
   3 -1    128 -1    253  1    378  1    503  1    628 -1    753  1    878 -1
   4 -1    129 -1    254 -1    379 -1    504 -1    629  1    754 -1    879 -1
   5  1    130 -1    255  1    380 -1    505 -1    630  1    755 -1    880 -1
   6  1    131  1    256  1    381  1    506 -1    631  1    756  1    881 -1
   7 -1    132  1    257  1    382  1    507 -1    632  1    757  1    882  1
   8  1    133  1    258 -1    383 -1    508  1    633 -1    758 -1    883 -1
   9  1    134 -1    259  1    384  1    509 -1    634 -1    759 -1    884 -1
  10  1    135 -1    260 -1    385  1    510  1    635 -1    760  1    885 -1
  11 -1    136  1    261  1    386 -1    511 -1    636  1    761  1    886 -1
  12  1    137  1    262  1    387  1    512 -1    637  1    762  1    887  1
  13 -1    138 -1    263 -1    388 -1    513  1    638 -1    763  1    888  1
  14 -1    139 -1    264  1    389  1    514  1    639 -1    764 -1    889 -1
  15 -1    140 -1    265  1    390  1    515  1    640  1    765  1    890  1
  16 -1    141  1    266  1    391 -1    516  1    641 -1    766  1    891  1
  17 -1    142 -1    267  1    392 -1    517 -1    642  1    767 -1    892  1
  18 -1    143  1    268 -1    393 -1    518 -1    643  1    768 -1    893  1
  19  1    144 -1    269 -1    394 -1    519  1    644 -1    769  1    894 -1
  20  1    145 -1    270  1    395  1    520  1    645  1    770  1    895 -1
  21  1    146 -1    271 -1    396 -1    521  1    646 -1    771 -1    896 -1
  22  1    147 -1    272  1    397  1    522 -1    647 -1    772 -1    897  1
  23  1    148 -1    273  1    398  1    523 -1    648 -1    773 -1    898  1
  24  1    149 -1    274 -1    399 -1    524  1    649 -1    774  1    899  1
  25  1    150  1    275 -1    400 -1    525  1    650  1    775  1    900  1
  26  1    151 -1    276 -1    401 -1    526 -1    651 -1    776  1    901  1
  27 -1    152 -1    277 -1    402  1    527  1    652 -1    777 -1    902  1
  28 -1    153  1    278  1    403 -1    528 -1    653  1    778 -1    903 -1
  29 -1    154  1    279  1    404  1    529 -1    654 -1    779 -1    904  1
  30  1    155 -1    280  1    405  1    530 -1    655 -1    780 -1    905  1
  31  1    156  1    281  1    406  1    531  1    656 -1    781 -1    906  1
  32 -1    157  1    282 -1    407  1    532 -1    657  1    782  1    907  1
  33 -1    158  1    283 -1    408 -1    533 -1    658  1    783  1    908  1
  34 -1    159 -1    284 -1    409  1    534 -1    659  1    784 -1    909 -1
  35 -1    160  1    285 -1    410 -1    535 -1    660 -1    785  1    910 -1
  36 -1    161 -1    286 -1    411 -1    536 -1    661 -1    786 -1    911  1
  37  1    162  1    287  1    412 -1    537 -1    662 -1    787  1    912 -1
  38 -1    163  1    288  1    413  1    538  1    663 -1    788  1    913 -1
  39 -1    164  1    289 -1    414 -1    539  1    664  1    789  1    914 -1
  40 -1    165  1    290  1    415  1    540  1    665 -1    790 -1    915  1
  41  1    166  1    291  1    416 -1    541  1    666  1    791 -1    916 -1
  42  1    167 -1    292 -1    417 -1    542 -1    667  1    792 -1    917 -1
  43 -1    168 -1    293 -1    418 -1    543 -1    668 -1    793  1    918 -1
  44  1    169 -1    294  1    419 -1    544  1    669  1    794  1    919 -1
  45  1    170  1    295  1    420  1    545  1    670  1    795  1    920 -1
  46  1    171 -1    296  1    421 -1    546  1    671 -1    796  1    921  1
  47 -1    172 -1    297  1    422  1    547  1    672 -1    797  1    922  1
  48  1    173  1    298  1    423  1    548  1    673 -1    798  1    923 -1
  49  1    174 -1    299  1    424  1    549  1    674 -1    799 -1    924  1
  50  1    175 -1    300  1    425  1    550 -1    675 -1    800 -1    925  1
  51  1    176 -1    301  1    426 -1    551 -1    676 -1    801 -1    926 -1
  52 -1    177  1    302  1    427  1    552  1    677  1    802  1    927 -1
  53 -1    178 -1    303 -1    428 -1    553 -1    678  1    803  1    928 -1
  54  1    179 -1    304  1    429 -1    554 -1    679  1    804  1    929 -1
  55 -1    180  1    305 -1    430  1    555  1    680  1    805 -1    930  1
  56 -1    181  1    306 -1    431  1    556  1    681 -1    806  1    931  1
  57 -1    182 -1    307 -1    432 -1    557 -1    682 -1    807 -1    932  1
  58  1    183 -1    308  1    433 -1    558 -1    683  1    808 -1    933  1
  59 -1    184 -1    309 -1    434 -1    559  1    684  1    809 -1    934 -1
  60 -1    185 -1    310 -1    435  1    560  1    685 -1    810 -1    935  1
  61  1    186  1    311 -1    436 -1    561 -1    686 -1    811 -1    936 -1
  62  1    187 -1    312  1    437 -1    562 -1    687  1    812  1    937 -1
  63  1    188 -1    313 -1    438  1    563  1    688  1    813  1    938 -1
  64  1    189  1    314 -1    439 -1    564 -1    689  1    814 -1    939  1
  65 -1    190 -1    315  1    440 -1    565  1    690 -1    815 -1    940  1
  66 -1    191  1    316  1    441  1    566 -1    691 -1    816 -1    941 -1
  67 -1    192 -1    317 -1    442 -1    567 -1    692  1    817  1    942 -1
  68 -1    193 -1    318 -1    443 -1    568 -1    693 -1    818  1    943  1
  69  1    194  1    319  1    444  1    569  1    694  1    819  1    944 -1
  70  1    195  1    320  1    445 -1    570 -1    695  1    820 -1    945 -1
  71  1    196  1    321  1    446 -1    571  1    696 -1    821 -1    946  1
  72 -1    197  1    322  1    447  1    572  1    697 -1    822  1    947 -1
  73 -1    198 -1    323  1    448  1    573  1    698  1    823 -1    948 -1
  74 -1    199  1    324 -1    449 -1    574 -1    699  1    824 -1    949 -1
  75 -1    200  1    325 -1    450  1    575  1    700 -1    825 -1    950 -1
  76 -1    201  1    326  1    451  1    576 -1    701  1    826  1    951 -1
  77 -1    202  1    327 -1    452 -1    577 -1    702 -1    827 -1    952 -1
  78 -1    203  1    328 -1    453  1    578  1    703  1    828  1    953 -1
  79  1    204 -1    329 -1    454  1    579 -1    704  1    829 -1    954 -1
  80  1    205  1    330  1    455  1    580  1    705  1    830 -1    955  1
  81  1    206  1    331 -1    456  1    581  1    706  1    831 -1    956  1
  82 -1    207  1    332 -1    457 -1    582  1    707  1    832 -1    957 -1
  83  1    208 -1    333  1    458 -1    583 -1    708  1    833 -1    958 -1
  84  1    209  1    334 -1    459  1    584 -1    709  1    834  1    959  1
  85  1    210 -1    335  1    460  1    585 -1    710  1    835 -1    960 -1
  86  1    211  1    336  1    461 -1    586  1    711 -1    836 -1    961 -1
  87  1    212  1    337 -1    462  1    587  1    712 -1    837  1    962  1
  88  1    213 -1    338 -1    463  1    588  1    713 -1    838  1    963 -1
  89  1    214  1    339 -1    464  1    589 -1    714 -1    839  1    964 -1
  90  1    215  1    340  1    465 -1    590  1    715 -1    840  1    965  1
  91  1    216  1    341  1    466 -1    591  1    716  1    841 -1    966 -1
  92  1    217  1    342 -1    467 -1    592  1    717  1    842 -1    967  1
  93 -1    218  1    343 -1    468  1    593  1    718  1    843 -1    968  1
  94  1    219  1    344  1    469 -1    594  1    719  1    844 -1    969  1
  95 -1    220  1    345  1    470  1    595 -1    720  1    845 -1    970 -1
  96  1    221  1    346  1    471  1    596  1    721 -1    846 -1    971 -1
  97  1    222  1    347 -1    472  1    597 -1    722 -1    847  1    972 -1
  98 -1    223 -1    348 -1    473 -1    598  1    723  1    848 -1    973 -1
  99  1    224 -1    349  1    474 -1    599  1    724  1    849  1    974 -1
 100  1    225  1    350 -1    475  1    600  1    725  1    850  1    975  1
 101  1    226  1    351 -1    476  1    601  1    726 -1    851  1    976 -1
 102  1    227 -1    352 -1    477  1    602 -1    727 -1    852  1    977  1
 103 -1    228 -1    353  1    478  1    603  1    728 -1    853  1    978 -1
 104  1    229  1    354  1    479  1    604 -1    729  1    854  1    979  1
 105  1    230  1    355  1    480  1    605  1    730 -1    855  1    980 -1
 106 -1    231 -1    356 -1    481  1    606  1    731  1    856  1    981 -1
 107 -1    232  1    357  1    482 -1    607  1    732  1    857 -1    982  1
 108  1    233 -1    358 -1    483  1    608 -1    733  1    858  1    983 -1
 109  1    234  1    359  1    484  1    609  1    734 -1    859 -1    984  1
 110 -1    235  1    360  1    485 -1    610 -1    735 -1    860 -1    985 -1
 111 -1    236  1    361  1    486  1    611  1    736  1    861  1    986  1
 112  1    237  1    362  1    487 -1    612 -1    737 -1    862 -1    987 -1
 113 -1    238 -1    363 -1    488  1    613 -1    738 -1    863  1    988  1
 114  1    239  1    364 -1    489  1    614 -1    739 -1    864 -1    989 -1
 115  1    240  1    365  1    490 -1    615  1    740 -1    865  1    990 -1
 116 -1    241 -1    366  1    491 -1    616 -1    741  1    866 -1    991 -1
 117  1    242 -1    367 -1    492 -1    617  1    742 -1    867  1    992 -1
 118  1    243  1    368  1    493 -1    618  1    743 -1    868 -1    993 -1
 119  1    244 -1    369  1    494 -1    619 -1    744  1    869 -1    994  1
 120  1    245  1    370 -1    495 -1    620  1    745 -1    870 -1    995 -1
 121  1    246 -1    371 -1    496  1    621 -1    746 -1    871 -1    996 -1
 122 -1    247 -1    372 -1    497 -1    622 -1    747 -1    872  1    997  1
 123 -1    248  1    373  1    498 -1    623 -1    748 -1    873 -1    998  1
 124 -1    249 -1    374  1    499  1    624  1    749 -1    874 -1    999 -1
 125 -1    250  1    375  1    500  1    625 -1    750  1    875  1   1000  1
;



Misclassifications:
misclassifications = 70



Accuracy:
accuracy = 0.93



