Primal results:
w [*] :=
1  2.64397
2  1.76834
3  2.40685
4  2.27584
;

gamma = -4.44252

s [*] :=
  1 1.02903e-10    26 1.02886e-10    51 1.16599e-07    76 0.876112
  2 1.02927e-10    27 1.02897e-10    52 1.0291e-10     77 0.483657
  3 0.588377       28 1.06337        53 0.754076       78 1.02899e-10
  4 0.343247       29 0.7265         54 1.0291e-10     79 0.164303
  5 0.428357       30 0.402636       55 1.02897e-10    80 0.25238
  6 2.05732        31 0.0169309      56 1.02897e-10    81 1.02891e-10
  7 1.02902e-10    32 1.38328e-10    57 1.02907e-10    82 1.02909e-10
  8 1.42126        33 0.124831       58 0.681947       83 0.51424
  9 0.594101       34 0.437821       59 1.02905e-10    84 0.24282
 10 0.416022       35 2.3901         60 0.16481        85 0.427618
 11 0.890739       36 1.02893e-10    61 0.602754       86 1.02915e-10
 12 0.0447432      37 0.875695       62 1.02892e-10    87 0.283812
 13 0.0633992      38 1.02904e-10    63 0.646864       88 1.02909e-10
 14 0.472021       39 1.02904e-10    64 2.44454        89 1.29871e-10
 15 0.359303       40 0.145285       65 1.029e-10      90 1.02889e-10
 16 1.04775        41 1.02897e-10    66 0.143163       91 1.02904e-10
 17 0.760193       42 1.02906e-10    67 1.02894e-10    92 0.259289
 18 1.02905e-10    43 0.137602       68 0.909013       93 1.02901e-10
 19 0.22553        44 0.19125        69 1.02895e-10    94 1.02905e-10
 20 1.70369        45 0.000960409    70 0.675569       95 0.616887
 21 2.50333        46 1.02904e-10    71 0.673887       96 0.429808
 22 1.02893e-10    47 2.0784e-10     72 0.469128       97 1.02913e-10
 23 1.02893e-10    48 1.03216        73 1.029e-10      98 0.0935508
 24 1.02907e-10    49 1.02908e-10    74 0.564947       99 1.02899e-10
 25 1.02906e-10    50 1.02905e-10    75 1.02899e-10   100 1.02916e-10
;



Computed w:
w [*] :=
1  2.64402
2  1.76838
3  2.40688
4  2.27584
;



Computed gamma:
gamma = -4.44257



Dual results:
lambda [*] :=
  1 7.28699e-11    26 2.24537e-09    51 0.964986       76 1
  2 3.64322e-11    27 5.3633e-10     52 1.02283e-09    77 1
  3 1              28 1              53 1              78 8.55146e-10
  4 1              29 1              54 5.61992e-11    79 1
  5 1              30 1              55 1.09011e-10    80 1
  6 1              31 1              56 2.20981e-10    81 8.48722e-11
  7 1.57557e-10    32 0.265656       57 4.38368e-11    82 4.53039e-11
  8 1              33 1              58 1              83 1
  9 1              34 1              59 8.0863e-11     84 1
 10 1              35 1              60 1              85 1
 11 1              36 8.39682e-11    61 1              86 4.79285e-11
 12 1              37 1              62 1.4702e-10     87 1
 13 1              38 1.26748e-10    63 1              88 5.13247e-11
 14 1              39 6.40897e-10    64 1              89 0.198995
 15 1              40 1              65 1.79987e-09    90 2.93917e-10
 16 1              41 1.77898e-10    66 1              91 6.85192e-11
 17 1              42 2.05293e-10    67 5.89464e-11    92 1
 18 5.94398e-11    43 1              68 1              93 2.75232e-10
 19 1              44 1              69 4.55528e-10    94 3.16942e-10
 20 1              45 0.999932       70 1              95 1
 21 1              46 7.60078e-11    71 1              96 1
 22 5.77965e-11    47 0.500403       72 1              97 4.24787e-11
 23 5.2513e-11     48 1              73 6.12347e-11    98 1
 24 7.34267e-11    49 2.14928e-10    74 1              99 1.18348e-10
 25 4.39573e-11    50 7.35503e-10    75 1.31931e-10   100 4.39806e-11
;



Predictions:
y_pred [*] :=
  1  1    13 -1    25 -1    37 -1    49  1    61 -1    73 -1    85 -1    97  1
  2  1    14  1    26  1    38  1    50 -1    62 -1    74  1    86  1    98  1
  3 -1    15 -1    27  1    39 -1    51  1    63  1    75  1    87  1    99 -1
  4  1    16 -1    28  1    40  1    52 -1    64  1    76 -1    88  1   100 -1
  5 -1    17 -1    29 -1    41 -1    53 -1    65  1    77  1    89  1
  6  1    18  1    30  1    42 -1    54  1    66 -1    78 -1    90  1
  7 -1    19  1    31  1    43 -1    55  1    67  1    79 -1    91 -1
  8  1    20 -1    32  1    44  1    56  1    68 -1    80 -1    92 -1
  9 -1    21  1    33  1    45  1    57  1    69 -1    81 -1    93  1
 10  1    22 -1    34 -1    46 -1    58  1    70  1    82  1    94 -1
 11 -1    23 -1    35  1    47  1    59  1    71 -1    83  1    95 -1
 12 -1    24  1    36  1    48  1    60  1    72 -1    84 -1    96 -1
;



Misclassifications:
misclassifications = 10



Accuracy:
accuracy = 0.9



