lambda [*] :=
   1 6.3073e-10     251 5.76018e-11    501 1              751 1
   2 6.43949e-11    252 6.64275e-10    502 1.14741e-10    752 1
   3 1              253 5.02554e-11    503 3.40763e-11    753 6.88618e-11
   4 8.91472e-11    254 5.72117e-10    504 1              754 1
   5 3.85994e-11    255 1              505 3.99986e-11    755 1
   6 3.94404e-11    256 1.15258e-10    506 1              756 9.31026e-11
   7 1              257 3.77591e-11    507 3.80806e-11    757 9.28906e-11
   8 1              258 6.20858e-11    508 3.15044e-09    758 1
   9 2.68585e-11    259 6.67941e-11    509 8.21398e-11    759 3.68893e-11
  10 5.50097e-11    260 1              510 6.5731e-11     760 1
  11 1              261 1              511 1              761 1
  12 1              262 1              512 2.49998e-10    762 1
  13 1.21099e-09    263 1.03097e-10    513 4.69043e-10    763 1.70732e-09
  14 1              264 3.9968e-11     514 4.7252e-11     764 4.07412e-11
  15 6.3795e-11     265 4.92663e-11    515 7.90356e-11    765 7.18173e-11
  16 1              266 1              516 1              766 8.39352e-11
  17 1              267 5.33973e-11    517 3.2111e-11     767 1.11403e-10
  18 1              268 1              518 3.0841e-10     768 1
  19 9.79224e-10    269 4.31936e-11    519 2.4011e-10     769 1
  20 7.62123e-11    270 1              520 1.62138e-10    770 9.6334e-11
  21 1              271 1.14279e-10    521 7.64895e-11    771 2.62914e-11
  22 7.46878e-11    272 6.77968e-11    522 1              772 1
  23 6.08487e-11    273 3.34516e-11    523 1              773 1
  24 6.77014e-10    274 2.54744e-10    524 1              774 1
  25 2.5431e-11     275 4.62123e-11    525 1              775 1
  26 1              276 4.99207e-11    526 1              776 4.56163e-11
  27 5.8634e-11     277 4.44449e-11    527 1              777 2.86356e-09
  28 6.43396e-11    278 1              528 2.4455e-11     778 5.63265e-11
  29 1.1917e-10     279 1              529 1              779 6.64105e-11
  30 5.44513e-11    280 3.15402e-10    530 5.36756e-11    780 1
  31 1.04e-10       281 1              531 5.5939e-11     781 1
  32 3.01715e-11    282 1              532 1              782 3.38487e-11
  33 1              283 1              533 2.48244e-11    783 5.51386e-11
  34 1.2145e-10     284 7.85679e-11    534 1              784 2.59547e-11
  35 1              285 1              535 1              785 1
  36 8.66907e-11    286 1              536 3.17004e-11    786 2.74268e-11
  37 1              287 5.20434e-11    537 1              787 1
  38 1              288 1              538 1              788 1
  39 1              289 7.05517e-11    539 1.16748e-10    789 1
  40 0.884246       290 3.00398e-11    540 1              790 6.69845e-11
  41 1              291 7.19527e-11    541 1              791 6.88597e-11
  42 1              292 5.04585e-11    542 6.91637e-10    792 9.72206e-11
  43 4.00828e-11    293 5.02051e-11    543 3.54664e-11    793 9.42128e-11
  44 6.30393e-11    294 1              544 1.04336e-10    794 3.69419e-11
  45 1.63267e-10    295 5.76335e-11    545 5.15814e-11    795 8.4775e-11
  46 9.36889e-11    296 3.14732e-10    546 1              796 4.20075e-11
  47 2.96427e-11    297 1.69554e-10    547 1              797 1
  48 1              298 1              548 3.93054e-11    798 4.30366e-11
  49 1              299 1.22238e-10    549 1              799 9.32406e-11
  50 1              300 7.14429e-11    550 1              800 1.61418e-10
  51 1              301 1.53457e-10    551 3.11851e-10    801 1.14294e-10
  52 4.22193e-11    302 1              552 1.42676e-10    802 1
  53 7.46758e-10    303 1.63314e-10    553 1              803 3.81892e-11
  54 1.5999e-10     304 1              554 7.21742e-11    804 3.37786e-11
  55 7.00238e-11    305 3.03434e-11    555 6.83593e-11    805 1
  56 1              306 6.53413e-11    556 3.8545e-11     806 1
  57 3.48368e-11    307 2.57685e-10    557 1              807 1
  58 1              308 1              558 6.99959e-11    808 1
  59 7.25518e-11    309 1              559 1.43579e-10    809 8.54645e-10
  60 2.60584e-10    310 1              560 5.70123e-10    810 2.4605e-10
  61 1.22166e-09    311 6.97287e-11    561 1              811 2.07641e-10
  62 1              312 4.59253e-11    562 1              812 5.00651e-11
  63 9.29331e-10    313 5.49862e-11    563 5.74747e-11    813 4.27757e-11
  64 1.60439e-10    314 3.37861e-11    564 1.19664e-10    814 2.7245e-11
  65 3.26618e-11    315 1.75399e-10    565 6.00514e-11    815 1.74429e-10
  66 2.24359e-10    316 1              566 2.64173e-11    816 1
  67 1              317 4.16192e-11    567 1              817 1
  68 1              318 4.94354e-11    568 9.80154e-11    818 4.00589e-11
  69 1              319 1              569 1.02527e-10    819 9.19629e-11
  70 1              320 1              570 6.74106e-11    820 8.39671e-11
  71 7.90149e-11    321 1              571 4.08993e-11    821 5.63123e-11
  72 4.67537e-11    322 5.10432e-11    572 1              822 6.43375e-11
  73 1              323 1              573 1              823 1.71359e-10
  74 1.50942e-10    324 1              574 1              824 1.97595e-10
  75 5.25373e-11    325 1.85034e-10    575 3.88027e-10    825 1.54697e-10
  76 6.49224e-11    326 7.21321e-11    576 3.0599e-11     826 5.37189e-11
  77 2.75967e-11    327 1.14953e-10    577 1              827 1
  78 8.68984e-11    328 8.00822e-11    578 1              828 0.862318
  79 1              329 4.79171e-11    579 5.41407e-11    829 1
  80 1              330 6.25691e-11    580 1              830 1
  81 4.89537e-11    331 2.06293e-10    581 4.09149e-11    831 2.30072e-10
  82 7.58536e-11    332 5.51975e-11    582 4.6769e-11     832 3.99555e-11
  83 1              333 4.73582e-11    583 2.54709e-11    833 3.56985e-09
  84 3.09924e-11    334 3.43025e-11    584 1              834 1
  85 2.81408e-11    335 1              585 1              835 4.86045e-11
  86 5.75988e-11    336 5.67548e-11    586 4.11591e-11    836 5.06615e-11
  87 1              337 3.3505e-11     587 1.37221e-10    837 1
  88 3.47132e-11    338 3.50615e-11    588 1              838 5.59238e-11
  89 2.47008e-11    339 1.21139e-09    589 3.05481e-11    839 1
  90 1.18657e-10    340 1              590 1              840 8.16912e-11
  91 1              341 1              591 1.36857e-10    841 4.94001e-11
  92 1              342 1              592 9.32437e-11    842 7.52294e-11
  93 5.53119e-11    343 1              593 3.93461e-11    843 1.3005e-10
  94 1              344 8.54831e-11    594 1.5424e-10     844 1
  95 4.77919e-11    345 3.24887e-11    595 1              845 6.98137e-11
  96 3.32972e-10    346 1              596 3.05881e-11    846 1
  97 1              347 1              597 1              847 1.46739e-10
  98 6.80751e-11    348 1              598 3.55347e-11    848 1
  99 1              349 6.73552e-11    599 1              849 3.75883e-11
 100 4.94613e-11    350 1.38133e-10    600 7.91164e-11    850 1
 101 7.29941e-11    351 1              601 6.92385e-11    851 1
 102 1.44242e-10    352 1              602 1.63971e-10    852 8.44853e-11
 103 2.78673e-11    353 1.34344e-10    603 4.32445e-11    853 7.27969e-11
 104 4.98659e-11    354 2.85302e-11    604 4.33443e-11    854 6.27016e-11
 105 1              355 3.73464e-10    605 1.08031e-10    855 9.49545e-11
 106 1              356 1.03581e-10    606 1              856 2.19451e-10
 107 1              357 1              607 1.03128e-10    857 1
 108 8.02497e-11    358 9.74492e-11    608 5.78607e-11    858 1
 109 7.75562e-11    359 1              609 1              859 4.78278e-11
 110 1.97222e-10    360 1.6519e-10     610 7.88891e-11    860 6.75232e-11
 111 3.43066e-10    361 6.25639e-11    611 1              861 3.64684e-11
 112 1              362 2.68007e-10    612 1              862 2.79423e-11
 113 3.51459e-11    363 1              613 8.36801e-11    863 1
 114 9.54504e-11    364 1              614 3.81456e-11    864 2.99137e-11
 115 1              365 1              615 4.28436e-11    865 3.47248e-10
 116 3.08136e-11    366 1              616 3.13068e-11    866 1.35954e-10
 117 1.49307e-10    367 1              617 4.83323e-11    867 1.76077e-10
 118 1              368 1              618 8.02329e-11    868 2.09269e-10
 119 6.76902e-11    369 1              619 6.16485e-11    869 1.70967e-10
 120 1              370 1              620 1              870 4.3941e-10
 121 8.86111e-10    371 1              621 2.11502e-10    871 1.68019e-09
 122 9.98019e-11    372 6.48099e-11    622 1              872 1.65061e-09
 123 3.98559e-11    373 1              623 9.13244e-11    873 4.89259e-11
 124 5.37421e-11    374 4.64875e-11    624 1              874 1
 125 5.29749e-11    375 9.88954e-11    625 1.90703e-10    875 3.71815e-11
 126 1.51425e-10    376 3.97821e-11    626 1              876 1
 127 3.33978e-10    377 1              627 4.27994e-11    877 4.83929e-10
 128 2.30078e-10    378 3.10654e-11    628 1              878 4.50818e-11
 129 1              379 3.45783e-11    629 2.97939e-10    879 2.23789e-09
 130 1              380 2.56875e-11    630 6.86621e-11    880 1
 131 4.60552e-11    381 3.9115e-10     631 4.18006e-11    881 5.96085e-11
 132 3.51566e-11    382 7.62986e-11    632 1.02786e-10    882 1
 133 5.68522e-11    383 4.1899e-11     633 1              883 5.34122e-11
 134 5.11794e-11    384 5.85457e-11    634 1              884 4.48495e-11
 135 7.84768e-11    385 1.64376e-10    635 1              885 1
 136 1              386 1              636 1.07109e-10    886 6.03798e-10
 137 6.08429e-11    387 1              637 8.41202e-11    887 1
 138 1.69069e-10    388 5.84752e-11    638 1              888 8.94616e-11
 139 3.27074e-11    389 5.35952e-11    639 1.85276e-09    889 6.6787e-11
 140 1.74658e-10    390 3.60053e-11    640 1.00459e-10    890 1.37374e-09
 141 8.60649e-11    391 1              641 7.33645e-11    891 4.68252e-11
 142 1.17845e-10    392 3.0095e-11     642 1              892 6.83552e-11
 143 7.12137e-11    393 1.90932e-10    643 4.49972e-11    893 1
 144 5.76334e-11    394 1.83339e-09    644 3.36816e-11    894 6.58278e-11
 145 1.66826e-10    395 4.30625e-11    645 4.92626e-11    895 1
 146 4.21228e-11    396 2.58613e-11    646 1              896 4.9317e-11
 147 3.02545e-11    397 3.86417e-11    647 7.65782e-11    897 2.62769e-11
 148 1              398 3.08671e-10    648 1              898 4.56206e-11
 149 1              399 4.89074e-11    649 5.5559e-11     899 1.38801e-10
 150 3.08035e-11    400 1              650 1              900 2.05167e-10
 151 4.1961e-11     401 7.92964e-11    651 1              901 6.11184e-11
 152 3.50813e-11    402 1              652 4.82171e-11    902 3.28133e-11
 153 3.06999e-11    403 1              653 1.2587e-10     903 1
 154 1.57367e-10    404 7.15489e-11    654 1.67095e-10    904 2.74294e-11
 155 5.29547e-11    405 1              655 1              905 1
 156 1              406 1              656 4.91739e-11    906 1
 157 9.27119e-11    407 2.30002e-10    657 7.38308e-11    907 1.2005e-10
 158 2.06158e-09    408 1              658 1              908 3.30595e-11
 159 1.35807e-10    409 1              659 1              909 4.53214e-11
 160 5.40944e-11    410 1              660 1              910 1.56124e-10
 161 1.07683e-10    411 1.96193e-10    661 5.32904e-11    911 1.21503e-10
 162 3.58276e-11    412 1              662 1              912 3.48532e-11
 163 2.96182e-11    413 1              663 1.01512e-10    913 4.73499e-11
 164 5.39874e-11    414 1              664 2.25834e-11    914 1
 165 8.80371e-11    415 3.49944e-11    665 7.92828e-11    915 5.91266e-11
 166 1              416 1              666 1              916 3.47185e-11
 167 5.52878e-11    417 1              667 2.40495e-10    917 1
 168 4.16756e-11    418 1              668 1              918 3.21574e-11
 169 3.72245e-11    419 3.66447e-11    669 4.15608e-11    919 3.12646e-11
 170 1              420 1              670 3.53088e-09    920 4.62552e-10
 171 8.81683e-11    421 1              671 1.86726e-10    921 9.14425e-11
 172 3.09114e-11    422 3.60803e-11    672 1.00499e-10    922 1
 173 1.73752e-10    423 1.52751e-10    673 1.53185e-10    923 6.50665e-11
 174 9.8515e-11     424 1              674 1              924 6.09702e-11
 175 1              425 9.38015e-11    675 5.46294e-11    925 3.27233e-11
 176 6.06566e-11    426 5.78238e-11    676 1              926 1
 177 1.26806e-10    427 1              677 1              927 9.45031e-11
 178 3.99981e-11    428 1              678 1              928 1
 179 1.17396e-10    429 1              679 0.627116       929 1
 180 1              430 1              680 1.84037e-10    930 3.20894e-11
 181 8.0131e-11     431 7.22595e-11    681 0.307612       931 5.1889e-10
 182 4.93188e-10    432 1              682 2.29099e-10    932 1
 183 7.31164e-11    433 1              683 5.38767e-11    933 9.85532e-11
 184 4.61218e-11    434 1              684 1.02095e-10    934 1.33975e-10
 185 1              435 7.06845e-11    685 1              935 1
 186 1              436 3.36588e-11    686 1.65533e-10    936 5.20243e-11
 187 6.15362e-11    437 5.03353e-11    687 6.65707e-11    937 5.49014e-11
 188 5.78952e-11    438 9.66503e-11    688 5.16565e-11    938 5.76073e-11
 189 3.00921e-11    439 1.04016e-10    689 1              939 1
 190 8.70839e-11    440 7.48068e-11    690 8.26355e-11    940 9.32598e-11
 191 2.6702e-10     441 1              691 1              941 1
 192 1              442 3.55326e-11    692 1              942 1.22244e-10
 193 0.933932       443 4.35509e-11    693 7.43873e-11    943 1
 194 3.94078e-10    444 1              694 6.00261e-11    944 1
 195 9.50593e-11    445 7.67609e-11    695 4.50881e-11    945 1.29302e-09
 196 8.56849e-10    446 1              696 4.31814e-11    946 3.62148e-11
 197 1.36565e-09    447 3.08582e-11    697 1              947 5.58129e-11
 198 1              448 7.4863e-11     698 4.46281e-11    948 2.89389e-10
 199 1              449 1              699 1              949 2.83079e-11
 200 1              450 4.12088e-11    700 1.39268e-10    950 1
 201 1.55251e-10    451 2.66301e-09    701 1.38996e-10    951 2.27759e-10
 202 6.7749e-11     452 1              702 5.91001e-11    952 3.06737e-11
 203 7.86227e-11    453 3.57232e-11    703 1.62887e-10    953 9.86073e-11
 204 4.77498e-11    454 1              704 1.0403e-10     954 5.56172e-11
 205 1.05498e-10    455 4.067e-11      705 5.98187e-11    955 8.24739e-10
 206 1              456 1.57587e-10    706 3.50181e-10    956 6.99256e-11
 207 1.08364e-10    457 2.98792e-11    707 7.33141e-10    957 1
 208 1.26001e-10    458 3.78886e-11    708 5.21805e-11    958 8.2489e-11
 209 1              459 1              709 3.58962e-11    959 1
 210 1.44917e-09    460 4.11523e-11    710 1              960 3.66943e-11
 211 6.61315e-11    461 4.35658e-11    711 1              961 4.18874e-11
 212 8.72478e-11    462 1              712 1              962 5.44545e-11
 213 7.01516e-11    463 1              713 7.88683e-11    963 7.31301e-11
 214 1.33129e-10    464 3.46225e-11    714 2.6245e-10     964 1.01448e-10
 215 3.20509e-11    465 1              715 8.515e-11      965 3.48586e-11
 216 3.93901e-11    466 1              716 1              966 1.0067e-10
 217 3.4836e-11     467 1              717 5.73937e-11    967 1
 218 5.1356e-11     468 5.32152e-11    718 8.64636e-11    968 3.33058e-11
 219 1              469 1              719 5.12358e-11    969 1.47242e-10
 220 1              470 2.88273e-10    720 7.16157e-11    970 1
 221 4.42771e-11    471 5.174e-11      721 4.76021e-11    971 1.1929e-10
 222 1.12995e-10    472 9.30373e-11    722 5.1738e-11     972 1.37282e-10
 223 2.21881e-11    473 1.10355e-10    723 3.96644e-10    973 4.13176e-11
 224 3.68001e-10    474 1              724 1              974 5.91094e-11
 225 8.45726e-11    475 1              725 1.94866e-10    975 3.35633e-11
 226 2.56623e-11    476 1              726 1.88373e-10    976 1
 227 1              477 9.18812e-11    727 1              977 8.83461e-11
 228 9.60855e-11    478 1.30539e-10    728 4.19212e-11    978 1
 229 1              479 1              729 1              979 1.29136e-10
 230 1.00813e-10    480 3.62517e-11    730 7.01921e-11    980 1.11995e-10
 231 8.1664e-11     481 7.4244e-11     731 1              981 1
 232 1              482 1              732 4.3921e-10     982 7.86618e-11
 233 2.40337e-11    483 7.75896e-11    733 2.79137e-11    983 9.24638e-11
 234 1              484 1              734 3.41143e-10    984 1.58462e-09
 235 1.32325e-10    485 8.09876e-11    735 5.24289e-11    985 3.15505e-11
 236 1              486 3.82648e-11    736 1.79235e-10    986 1
 237 4.38194e-11    487 1              737 1              987 1.09015e-10
 238 3.18196e-11    488 4.29828e-11    738 6.15136e-11    988 5.98163e-11
 239 2.0724e-10     489 9.83856e-11    739 6.38739e-11    989 1
 240 1.9666e-10     490 1              740 1              990 1
 241 8.21351e-11    491 1              741 1              991 2.35556e-10
 242 1.67067e-10    492 4.21305e-11    742 4.84165e-11    992 1
 243 1              493 4.705e-10      743 7.3053e-11     993 1
 244 8.61145e-11    494 1.45368e-10    744 1              994 4.3292e-11
 245 1              495 2.45983e-10    745 2.52364e-10    995 4.08448e-11
 246 1              496 1              746 1              996 1
 247 1              497 5.55937e-11    747 1              997 2.26188e-10
 248 2.92039e-11    498 1              748 1              998 5.54544e-11
 249 3.9616e-11     499 1              749 1              999 3.61421e-11
 250 3.35338e-11    500 1              750 1             1000 5.19e-11
;

