param n := 4;
param m := 1000;
param nu := 1.0;

param y_train :=
1 -1.0
2 -1.0
3 -1.0
4 -1.0
5 -1.0
6 -1.0
7 1.0
8 1.0
9 1.0
10 -1.0
11 -1.0
12 1.0
13 -1.0
14 -1.0
15 -1.0
16 1.0
17 -1.0
18 -1.0
19 -1.0
20 1.0
21 1.0
22 1.0
23 1.0
24 1.0
25 -1.0
26 -1.0
27 -1.0
28 1.0
29 1.0
30 -1.0
31 -1.0
32 1.0
33 -1.0
34 -1.0
35 -1.0
36 1.0
37 1.0
38 -1.0
39 -1.0
40 1.0
41 -1.0
42 1.0
43 1.0
44 -1.0
45 1.0
46 -1.0
47 -1.0
48 -1.0
49 -1.0
50 -1.0
51 -1.0
52 -1.0
53 -1.0
54 -1.0
55 -1.0
56 1.0
57 1.0
58 -1.0
59 1.0
60 1.0
61 1.0
62 1.0
63 -1.0
64 -1.0
65 1.0
66 1.0
67 -1.0
68 1.0
69 1.0
70 1.0
71 1.0
72 -1.0
73 1.0
74 -1.0
75 -1.0
76 -1.0
77 1.0
78 1.0
79 1.0
80 1.0
81 -1.0
82 1.0
83 -1.0
84 -1.0
85 1.0
86 -1.0
87 1.0
88 1.0
89 -1.0
90 -1.0
91 1.0
92 1.0
93 1.0
94 -1.0
95 -1.0
96 -1.0
97 -1.0
98 1.0
99 -1.0
100 -1.0
101 -1.0
102 -1.0
103 -1.0
104 1.0
105 -1.0
106 -1.0
107 1.0
108 1.0
109 1.0
110 -1.0
111 -1.0
112 1.0
113 1.0
114 1.0
115 1.0
116 -1.0
117 -1.0
118 1.0
119 -1.0
120 1.0
121 1.0
122 1.0
123 -1.0
124 1.0
125 -1.0
126 1.0
127 1.0
128 1.0
129 -1.0
130 1.0
131 -1.0
132 1.0
133 1.0
134 1.0
135 -1.0
136 1.0
137 1.0
138 1.0
139 1.0
140 1.0
141 -1.0
142 -1.0
143 1.0
144 -1.0
145 1.0
146 -1.0
147 -1.0
148 -1.0
149 -1.0
150 1.0
151 -1.0
152 1.0
153 1.0
154 -1.0
155 -1.0
156 -1.0
157 1.0
158 1.0
159 -1.0
160 -1.0
161 -1.0
162 -1.0
163 -1.0
164 -1.0
165 -1.0
166 -1.0
167 1.0
168 -1.0
169 -1.0
170 -1.0
171 1.0
172 -1.0
173 -1.0
174 -1.0
175 -1.0
176 1.0
177 -1.0
178 -1.0
179 1.0
180 -1.0
181 1.0
182 1.0
183 -1.0
184 1.0
185 -1.0
186 1.0
187 -1.0
188 1.0
189 1.0
190 -1.0
191 1.0
192 1.0
193 1.0
194 -1.0
195 1.0
196 -1.0
197 1.0
198 1.0
199 1.0
200 1.0
201 1.0
202 1.0
203 1.0
204 1.0
205 1.0
206 1.0
207 1.0
208 1.0
209 -1.0
210 1.0
211 1.0
212 1.0
213 -1.0
214 -1.0
215 1.0
216 1.0
217 -1.0
218 -1.0
219 -1.0
220 1.0
221 -1.0
222 -1.0
223 -1.0
224 -1.0
225 1.0
226 1.0
227 1.0
228 1.0
229 -1.0
230 1.0
231 1.0
232 1.0
233 1.0
234 1.0
235 -1.0
236 1.0
237 -1.0
238 1.0
239 -1.0
240 1.0
241 -1.0
242 1.0
243 1.0
244 -1.0
245 -1.0
246 -1.0
247 -1.0
248 -1.0
249 -1.0
250 1.0
251 1.0
252 -1.0
253 -1.0
254 -1.0
255 1.0
256 -1.0
257 1.0
258 1.0
259 1.0
260 1.0
261 -1.0
262 -1.0
263 1.0
264 -1.0
265 1.0
266 1.0
267 1.0
268 -1.0
269 -1.0
270 1.0
271 1.0
272 1.0
273 1.0
274 -1.0
275 -1.0
276 -1.0
277 -1.0
278 -1.0
279 1.0
280 1.0
281 -1.0
282 -1.0
283 1.0
284 -1.0
285 1.0
286 1.0
287 1.0
288 -1.0
289 1.0
290 -1.0
291 1.0
292 -1.0
293 -1.0
294 1.0
295 -1.0
296 -1.0
297 -1.0
298 -1.0
299 1.0
300 -1.0
301 1.0
302 -1.0
303 1.0
304 -1.0
305 1.0
306 1.0
307 -1.0
308 1.0
309 -1.0
310 -1.0
311 -1.0
312 -1.0
313 -1.0
314 -1.0
315 -1.0
316 -1.0
317 1.0
318 1.0
319 -1.0
320 1.0
321 1.0
322 -1.0
323 1.0
324 1.0
325 -1.0
326 -1.0
327 -1.0
328 -1.0
329 1.0
330 1.0
331 1.0
332 1.0
333 1.0
334 1.0
335 -1.0
336 1.0
337 -1.0
338 -1.0
339 1.0
340 -1.0
341 1.0
342 -1.0
343 1.0
344 -1.0
345 1.0
346 1.0
347 1.0
348 1.0
349 -1.0
350 -1.0
351 -1.0
352 1.0
353 -1.0
354 -1.0
355 -1.0
356 1.0
357 -1.0
358 1.0
359 1.0
360 -1.0
361 1.0
362 1.0
363 -1.0
364 1.0
365 1.0
366 1.0
367 1.0
368 -1.0
369 -1.0
370 -1.0
371 -1.0
372 -1.0
373 1.0
374 1.0
375 1.0
376 1.0
377 1.0
378 -1.0
379 -1.0
380 1.0
381 -1.0
382 -1.0
383 1.0
384 1.0
385 -1.0
386 -1.0
387 -1.0
388 1.0
389 1.0
390 1.0
391 -1.0
392 -1.0
393 1.0
394 -1.0
395 1.0
396 1.0
397 -1.0
398 1.0
399 -1.0
400 1.0
401 1.0
402 1.0
403 -1.0
404 -1.0
405 1.0
406 -1.0
407 1.0
408 1.0
409 -1.0
410 1.0
411 1.0
412 1.0
413 1.0
414 -1.0
415 -1.0
416 1.0
417 -1.0
418 1.0
419 -1.0
420 1.0
421 1.0
422 1.0
423 -1.0
424 1.0
425 -1.0
426 1.0
427 1.0
428 1.0
429 -1.0
430 -1.0
431 -1.0
432 1.0
433 1.0
434 -1.0
435 -1.0
436 -1.0
437 -1.0
438 1.0
439 1.0
440 -1.0
441 1.0
442 -1.0
443 1.0
444 1.0
445 -1.0
446 1.0
447 -1.0
448 1.0
449 1.0
450 1.0
451 -1.0
452 -1.0
453 -1.0
454 1.0
455 -1.0
456 -1.0
457 -1.0
458 -1.0
459 -1.0
460 -1.0
461 -1.0
462 1.0
463 -1.0
464 -1.0
465 1.0
466 -1.0
467 1.0
468 1.0
469 1.0
470 -1.0
471 -1.0
472 -1.0
473 1.0
474 -1.0
475 -1.0
476 -1.0
477 1.0
478 -1.0
479 1.0
480 1.0
481 -1.0
482 -1.0
483 1.0
484 -1.0
485 -1.0
486 -1.0
487 1.0
488 -1.0
489 1.0
490 -1.0
491 -1.0
492 -1.0
493 -1.0
494 -1.0
495 -1.0
496 -1.0
497 1.0
498 -1.0
499 -1.0
500 1.0
501 1.0
502 1.0
503 -1.0
504 1.0
505 1.0
506 1.0
507 1.0
508 1.0
509 1.0
510 -1.0
511 1.0
512 1.0
513 1.0
514 -1.0
515 1.0
516 -1.0
517 -1.0
518 1.0
519 -1.0
520 -1.0
521 -1.0
522 -1.0
523 -1.0
524 1.0
525 -1.0
526 -1.0
527 -1.0
528 1.0
529 1.0
530 1.0
531 1.0
532 1.0
533 1.0
534 1.0
535 -1.0
536 1.0
537 1.0
538 -1.0
539 1.0
540 -1.0
541 -1.0
542 1.0
543 -1.0
544 1.0
545 -1.0
546 1.0
547 -1.0
548 1.0
549 1.0
550 1.0
551 1.0
552 1.0
553 -1.0
554 -1.0
555 1.0
556 -1.0
557 -1.0
558 -1.0
559 1.0
560 -1.0
561 1.0
562 1.0
563 1.0
564 1.0
565 1.0
566 1.0
567 1.0
568 1.0
569 -1.0
570 1.0
571 -1.0
572 -1.0
573 1.0
574 -1.0
575 -1.0
576 -1.0
577 1.0
578 -1.0
579 1.0
580 1.0
581 -1.0
582 1.0
583 -1.0
584 1.0
585 -1.0
586 -1.0
587 1.0
588 -1.0
589 1.0
590 -1.0
591 -1.0
592 -1.0
593 1.0
594 1.0
595 1.0
596 1.0
597 1.0
598 -1.0
599 -1.0
600 1.0
601 -1.0
602 -1.0
603 1.0
604 -1.0
605 -1.0
606 -1.0
607 1.0
608 1.0
609 -1.0
610 1.0
611 -1.0
612 1.0
613 1.0
614 -1.0
615 -1.0
616 1.0
617 -1.0
618 -1.0
619 -1.0
620 1.0
621 1.0
622 -1.0
623 -1.0
624 -1.0
625 -1.0
626 -1.0
627 -1.0
628 1.0
629 -1.0
630 1.0
631 1.0
632 -1.0
633 1.0
634 1.0
635 1.0
636 1.0
637 -1.0
638 -1.0
639 1.0
640 1.0
641 1.0
642 -1.0
643 -1.0
644 1.0
645 -1.0
646 1.0
647 -1.0
648 -1.0
649 -1.0
650 1.0
651 1.0
652 1.0
653 -1.0
654 1.0
655 -1.0
656 -1.0
657 -1.0
658 1.0
659 -1.0
660 1.0
661 -1.0
662 1.0
663 1.0
664 1.0
665 -1.0
666 1.0
667 1.0
668 -1.0
669 -1.0
670 -1.0
671 1.0
672 -1.0
673 1.0
674 -1.0
675 -1.0
676 1.0
677 1.0
678 -1.0
679 1.0
680 -1.0
681 -1.0
682 -1.0
683 1.0
684 -1.0
685 1.0
686 1.0
687 -1.0
688 1.0
689 -1.0
690 1.0
691 1.0
692 -1.0
693 1.0
694 1.0
695 1.0
696 -1.0
697 -1.0
698 1.0
699 1.0
700 1.0
701 1.0
702 -1.0
703 1.0
704 -1.0
705 -1.0
706 1.0
707 -1.0
708 1.0
709 1.0
710 -1.0
711 -1.0
712 -1.0
713 -1.0
714 -1.0
715 -1.0
716 1.0
717 1.0
718 -1.0
719 -1.0
720 -1.0
721 1.0
722 1.0
723 1.0
724 1.0
725 -1.0
726 1.0
727 1.0
728 -1.0
729 -1.0
730 1.0
731 -1.0
732 1.0
733 -1.0
734 1.0
735 -1.0
736 1.0
737 1.0
738 1.0
739 -1.0
740 -1.0
741 -1.0
742 -1.0
743 1.0
744 -1.0
745 -1.0
746 1.0
747 -1.0
748 1.0
749 1.0
750 1.0
751 -1.0
752 -1.0
753 -1.0
754 1.0
755 -1.0
756 -1.0
757 -1.0
758 -1.0
759 -1.0
760 -1.0
761 1.0
762 -1.0
763 -1.0
764 1.0
765 1.0
766 1.0
767 -1.0
768 1.0
769 1.0
770 1.0
771 -1.0
772 1.0
773 -1.0
774 -1.0
775 1.0
776 -1.0
777 1.0
778 1.0
779 -1.0
780 -1.0
781 -1.0
782 -1.0
783 -1.0
784 -1.0
785 1.0
786 1.0
787 1.0
788 -1.0
789 -1.0
790 1.0
791 -1.0
792 1.0
793 -1.0
794 -1.0
795 1.0
796 -1.0
797 -1.0
798 1.0
799 -1.0
800 1.0
801 -1.0
802 -1.0
803 1.0
804 -1.0
805 -1.0
806 -1.0
807 1.0
808 1.0
809 -1.0
810 1.0
811 -1.0
812 1.0
813 -1.0
814 1.0
815 -1.0
816 -1.0
817 -1.0
818 1.0
819 -1.0
820 -1.0
821 -1.0
822 -1.0
823 -1.0
824 -1.0
825 -1.0
826 -1.0
827 1.0
828 1.0
829 -1.0
830 -1.0
831 -1.0
832 -1.0
833 -1.0
834 1.0
835 1.0
836 1.0
837 1.0
838 1.0
839 -1.0
840 1.0
841 -1.0
842 1.0
843 1.0
844 1.0
845 -1.0
846 -1.0
847 -1.0
848 -1.0
849 1.0
850 1.0
851 -1.0
852 1.0
853 -1.0
854 1.0
855 -1.0
856 -1.0
857 -1.0
858 1.0
859 1.0
860 1.0
861 -1.0
862 -1.0
863 1.0
864 -1.0
865 1.0
866 1.0
867 1.0
868 -1.0
869 -1.0
870 -1.0
871 1.0
872 -1.0
873 -1.0
874 1.0
875 1.0
876 1.0
877 -1.0
878 1.0
879 -1.0
880 -1.0
881 -1.0
882 -1.0
883 -1.0
884 1.0
885 1.0
886 1.0
887 -1.0
888 -1.0
889 -1.0
890 -1.0
891 1.0
892 1.0
893 1.0
894 -1.0
895 -1.0
896 1.0
897 1.0
898 -1.0
899 1.0
900 1.0
901 -1.0
902 -1.0
903 -1.0
904 -1.0
905 1.0
906 1.0
907 1.0
908 1.0
909 1.0
910 1.0
911 -1.0
912 -1.0
913 -1.0
914 -1.0
915 -1.0
916 -1.0
917 -1.0
918 -1.0
919 1.0
920 1.0
921 -1.0
922 1.0
923 1.0
924 1.0
925 1.0
926 1.0
927 -1.0
928 -1.0
929 -1.0
930 1.0
931 1.0
932 -1.0
933 -1.0
934 -1.0
935 1.0
936 1.0
937 -1.0
938 1.0
939 -1.0
940 -1.0
941 1.0
942 -1.0
943 1.0
944 1.0
945 -1.0
946 1.0
947 -1.0
948 1.0
949 -1.0
950 -1.0
951 1.0
952 -1.0
953 1.0
954 -1.0
955 1.0
956 -1.0
957 1.0
958 1.0
959 -1.0
960 -1.0
961 1.0
962 1.0
963 -1.0
964 1.0
965 -1.0
966 1.0
967 -1.0
968 1.0
969 -1.0
970 -1.0
971 1.0
972 1.0
973 1.0
974 -1.0
975 -1.0
976 1.0
977 1.0
978 -1.0
979 1.0
980 1.0
981 1.0
982 -1.0
983 1.0
984 -1.0
985 -1.0
986 1.0
987 -1.0
988 -1.0
989 1.0
990 -1.0
991 -1.0
992 -1.0
993 1.0
994 -1.0
995 1.0
996 -1.0
997 1.0
998 1.0
999 -1.0
1000 -1.0
;

param A_train : 1 2 3 4 :=
1 0.015 0.515 0.885 0.325
2 0.776 0.329 0.236 0.088
3 0.239 0.816 0.862 0.273
4 0.455 0.43 0.039 0.571
5 0.336 0.173 0.065 0.476
6 0.736 0.081 0.278 0.03
7 0.745 0.486 0.961 0.006
8 0.491 0.345 0.427 0.746
9 0.603 0.891 0.92 0.909
10 0.64 0.117 0.365 0.227
11 0.642 0.855 0.182 0.244
12 0.862 0.097 0.326 0.746
13 0.417 0.58 0.407 0.335
14 0.73 0.713 0.731 0.026
15 0.408 0.064 0.017 0.868
16 0.203 0.857 0.234 0.905
17 0.14 0.062 0.967 0.768
18 0.197 0.711 0.461 0.432
19 0.072 0.87 0.543 0.239
20 0.689 0.987 0.901 0.018
21 0.862 0.187 0.203 0.836
22 0.823 0.741 0.086 0.862
23 0.458 0.43 0.786 0.958
24 0.365 0.772 0.794 0.374
25 0.034 0.136 0.101 0.28
26 0.681 0.534 0.827 0.634
27 0.182 0.013 0.307 0.827
28 0.656 0.861 0.903 0.232
29 0.296 0.94 0.485 0.671
30 0.967 0.001 0.164 0.215
31 0.368 0.451 0.418 0.334
32 0.82 0.638 0.938 0.781
33 0.255 0.753 0.528 0.349
34 0.117 0.547 0.453 0.468
35 0.523 0.475 0.677 0.272
36 0.805 0.607 0.18 0.878
37 0.354 0.615 0.717 0.473
38 0.285 0.756 0.856 0.087
39 0.737 0.32 0.148 0.579
40 0.12 0.98 0.856 0.317
41 0.636 0.455 0.559 0.929
42 0.752 0.247 0.039 0.284
43 0.934 0.195 0.887 0.899
44 0.534 0.165 0.115 0.564
45 0.16 0.913 0.273 0.959
46 0.791 0.163 0.144 0.448
47 0.071 0.375 0.326 0.033
48 0.061 0.658 0.411 0.838
49 0.313 0.665 0.266 0.707
50 0.291 0.751 0.197 0.74
51 0.544 0.423 0.784 0.245
52 0.136 0.094 0.1 0.774
53 0.193 0.881 0.075 0.53
54 0.404 0.586 0.561 0.118
55 0.264 0.167 0.221 0.757
56 0.581 0.678 0.048 0.757
57 0.743 0.856 0.438 0.943
58 0.143 0.484 0.769 0.538
59 0.382 0.711 0.713 0.747
60 0.034 0.977 0.97 0.351
61 0.888 0.367 0.186 0.829
62 0.741 0.886 0.258 0.338
63 0.452 0.694 0.011 0.54
64 0.058 0.183 0.524 0.852
65 0.956 0.879 0.488 0.742
66 0.995 0.706 0.178 0.464
67 0.684 0.021 0.192 0.88
68 0.475 0.067 0.649 0.915
69 0.876 0.58 0.281 0.515
70 0.511 0.405 0.287 0.896
71 0.043 0.862 0.83 0.774
72 0.264 0.588 0.17 0.188
73 0.534 0.958 0.406 0.174
74 0.71 0.581 0.371 0.008
75 0.245 0.083 0.516 0.46
76 0.345 0.234 0.148 0.652
77 0.964 0.896 0.822 0.619
78 0.555 0.74 0.44 0.745
79 0.073 0.924 0.46 0.57
80 0.433 0.423 0.651 0.622
81 0.522 0.222 0.016 0.473
82 0.585 0.533 0.455 0.948
83 0.118 0.016 0.966 0.696
84 0.092 0.421 0.084 0.234
85 0.913 0.842 0.948 0.58
86 0.297 0.286 0.757 0.052
87 0.707 0.536 0.814 0.053
88 0.899 0.673 0.898 0.573
89 0.01 0.134 0.117 0.244
90 0.83 0.176 0.2 0.405
91 0.548 0.223 0.546 0.714
92 0.14 0.83 0.471 0.658
93 0.42 0.765 0.814 0.687
94 0.229 0.805 0.688 0.248
95 0.115 0.473 0.399 0.247
96 0.744 0.068 0.153 0.734
97 0.731 0.402 0.298 0.337
98 0.263 0.979 0.678 0.649
99 0.241 0.344 0.738 0.5
100 0.582 0.007 0.706 0.025
101 0.892 0.047 0.555 0.027
102 0.981 0.192 0.33 0.172
103 0.09 0.097 0.299 0.223
104 0.948 0.886 0.75 0.201
105 0.987 0.35 0.563 0.068
106 0.08 0.563 0.534 0.703
107 0.916 0.549 0.409 0.261
108 0.327 0.998 0.529 0.646
109 0.898 0.462 0.63 0.571
110 0.038 0.445 0.713 0.471
111 0.077 0.051 0.766 0.806
112 0.69 0.88 0.44 0.106
113 0.835 0.933 0.757 0.497
114 0.603 0.609 0.687 0.585
115 0.47 0.784 0.699 0.211
116 0.058 0.06 0.283 0.426
117 0.267 0.124 0.588 0.656
118 0.823 0.455 0.176 0.74
119 0.684 0.656 0.092 0.002
120 0.458 0.156 0.893 0.646
121 0.92 0.273 0.553 0.571
122 0.88 0.601 0.236 0.73
123 0.347 0.269 0.506 0.011
124 0.704 0.808 0.464 0.711
125 0.323 0.015 0.297 0.653
126 0.247 0.645 0.919 0.579
127 0.048 0.547 0.683 0.996
128 0.792 0.522 0.868 0.212
129 0.843 0.421 0.116 0.581
130 0.459 0.345 0.451 0.985
131 0.348 0.082 0.356 0.428
132 0.588 0.758 0.96 0.711
133 0.509 0.993 0.148 0.959
134 0.706 0.735 0.799 0.51
135 0.305 0.035 0.49 0.652
136 0.32 0.61 0.273 0.95
137 0.61 0.988 0.285 0.72
138 0.204 0.993 0.846 0.331
139 0.973 0.85 0.55 0.698
140 0.609 0.701 0.821 0.269
141 0.555 0.323 0.046 0.568
142 0.946 0.076 0.342 0.271
143 0.616 0.791 0.471 0.678
144 0.67 0.407 0.203 0.085
145 0.464 0.994 0.687 0.239
146 0.754 0.139 0.277 0.01
147 0.176 0.065 0.564 0.045
148 0.748 0.115 0.4 0.772
149 0.5 0.637 0.082 0.503
150 0.994 0.403 0.918 0.837
151 0.311 0.451 0.107 0.259
152 0.805 0.921 0.653 0.629
153 0.994 0.99 0.537 0.624
154 0.082 0.551 0.499 0.494
155 0.73 0.185 0.345 0.076
156 0.806 0.809 0.303 0.012
157 0.935 0.872 0.573 0.139
158 0.491 0.789 0.607 0.398
159 0.347 0.076 0.187 0.971
160 0.851 0.039 0.167 0.277
161 0.713 0.357 0.273 0.25
162 0.426 0.005 0.186 0.383
163 0.095 0.448 0.252 0.006
164 0.131 0.142 0.878 0.202
165 0.21 0.085 0.44 0.769
166 0.394 0.617 0.679 0.106
167 0.601 0.594 0.735 0.759
168 0.047 0.075 0.136 0.832
169 0.651 0.098 0.161 0.145
170 0.714 0.168 0.004 0.988
171 0.446 0.779 0.581 0.677
172 0.175 0.086 0.047 0.505
173 0.418 0.386 0.767 0.127
174 0.625 0.469 0.104 0.349
175 0.76 0.06 0.8 0.316
176 1.0 0.941 0.732 0.019
177 0.533 0.774 0.076 0.214
178 0.212 0.324 0.423 0.157
179 0.023 0.793 0.749 0.829
180 0.05 0.553 0.601 0.592
181 0.393 0.582 0.728 0.815
182 0.329 0.892 0.091 0.919
183 0.09 0.06 0.786 0.536
184 0.904 0.642 0.707 0.561
185 0.008 0.836 0.303 0.94
186 0.33 0.362 0.575 0.809
187 0.047 0.382 0.245 0.669
188 0.831 0.892 0.1 0.799
189 0.62 0.858 0.7 0.971
190 0.07 0.335 0.941 0.208
191 0.709 0.884 0.574 0.186
192 0.444 0.639 0.57 0.443
193 0.973 0.408 0.154 0.732
194 0.396 0.46 0.661 0.223
195 0.195 0.956 0.491 0.791
196 0.97 0.03 0.674 0.135
197 0.371 0.5 0.435 0.94
198 0.871 0.443 0.004 0.903
199 0.156 0.711 0.654 0.523
200 0.307 0.851 0.384 0.181
201 0.281 0.98 0.354 0.72
202 0.25 0.459 0.905 0.968
203 0.364 0.798 0.593 0.757
204 0.304 0.982 0.614 0.838
205 0.467 0.497 0.657 0.819
206 0.768 0.012 0.811 0.429
207 0.281 0.793 0.406 0.916
208 0.78 0.626 0.267 0.722
209 0.92 0.592 0.175 0.242
210 0.924 0.219 0.248 0.884
211 0.469 0.96 0.519 0.633
212 0.87 0.064 0.951 0.66
213 0.281 0.896 0.095 0.147
214 0.064 0.187 0.525 0.816
215 0.761 0.529 0.996 0.824
216 0.542 0.996 0.74 0.626
217 0.259 0.041 0.655 0.062
218 0.411 0.047 0.691 0.177
219 0.62 0.448 0.139 0.742
220 0.559 0.685 0.195 0.659
221 0.268 0.546 0.035 0.308
222 0.54 0.695 0.141 0.205
223 0.139 0.133 0.03 0.014
224 0.555 0.143 0.638 0.406
225 0.888 0.51 0.19 0.895
226 0.814 0.996 0.646 0.925
227 0.584 0.574 0.097 0.783
228 0.195 0.927 0.702 0.63
229 0.18 0.222 0.956 0.479
230 0.77 0.72 0.699 0.303
231 0.691 0.953 0.465 0.412
232 0.762 0.587 0.69 0.159
233 0.636 0.983 0.948 0.947
234 0.516 0.52 0.854 0.137
235 0.092 0.536 0.712 0.287
236 0.613 0.672 0.805 0.103
237 0.354 0.701 0.1 0.015
238 0.597 0.934 0.947 0.643
239 0.588 0.082 0.331 0.672
240 0.832 0.643 0.257 0.612
241 0.159 0.615 0.041 0.633
242 0.488 0.383 0.643 0.848
243 0.841 0.239 0.433 0.499
244 0.02 0.167 0.682 0.641
245 0.835 0.982 0.089 0.382
246 0.271 0.962 0.787 0.522
247 0.281 0.363 0.759 0.386
248 0.337 0.356 0.036 0.043
249 0.666 0.246 0.032 0.155
250 0.708 0.969 0.507 0.842
251 0.331 0.756 0.696 0.861
252 0.092 0.262 0.495 0.847
253 0.499 0.133 0.006 0.605
254 0.017 0.914 0.505 0.27
255 0.102 0.095 0.981 0.108
256 0.282 0.666 0.211 0.408
257 0.939 0.689 0.739 0.592
258 0.77 0.1 0.947 0.843
259 0.184 0.912 0.47 0.977
260 0.215 0.785 0.518 0.615
261 0.129 0.507 0.751 0.382
262 0.024 0.15 0.907 0.871
263 0.924 0.435 0.801 0.344
264 0.581 0.034 0.048 0.43
265 0.723 0.992 0.168 0.823
266 0.335 0.072 0.798 0.881
267 0.63 0.919 0.391 0.738
268 0.855 0.756 0.452 0.205
269 0.427 0.199 0.208 0.329
270 0.644 0.473 0.788 0.301
271 0.612 0.701 0.253 0.831
272 0.48 0.985 0.17 0.897
273 0.619 0.612 0.815 0.994
274 0.532 0.379 0.703 0.121
275 0.659 0.052 0.444 0.099
276 0.036 0.507 0.565 0.166
277 0.024 0.069 0.439 0.638
278 0.832 0.224 0.675 0.175
279 0.985 0.037 0.62 0.661
280 0.828 0.525 0.607 0.389
281 0.546 0.84 0.876 0.2
282 0.521 0.367 0.85 0.226
283 0.406 0.795 0.299 0.571
284 0.366 0.024 0.456 0.638
285 0.409 0.614 0.837 0.231
286 0.338 0.869 0.307 0.603
287 0.558 0.953 0.538 0.654
288 0.667 0.652 0.082 0.773
289 0.899 0.984 0.556 0.163
290 0.54 0.072 0.032 0.163
291 0.518 0.641 0.603 0.792
292 0.492 0.419 0.251 0.12
293 0.151 0.123 0.115 0.834
294 0.068 0.88 0.211 0.981
295 0.328 0.04 0.553 0.443
296 0.466 0.52 0.199 0.501
297 0.849 0.593 0.197 0.04
298 0.94 0.071 0.959 0.533
299 0.937 0.727 0.265 0.49
300 0.399 0.301 0.199 0.532
301 0.042 0.786 0.713 0.807
302 0.001 0.893 0.581 0.267
303 0.407 0.946 0.246 0.729
304 0.114 0.455 0.712 0.698
305 0.47 0.736 0.97 0.977
306 0.552 0.737 0.84 0.496
307 0.519 0.091 0.645 0.464
308 0.03 0.426 0.1 0.076
309 0.94 0.893 0.495 0.815
310 0.471 0.692 0.422 0.24
311 0.356 0.312 0.77 0.047
312 0.164 0.029 0.088 0.881
313 0.386 0.169 0.079 0.659
314 0.089 0.005 0.896 0.01
315 0.33 0.111 0.762 0.478
316 0.946 0.718 0.086 0.071
317 0.989 0.867 0.165 0.81
318 0.921 0.678 0.585 0.578
319 0.651 0.092 0.385 0.886
320 0.76 0.385 0.42 0.345
321 0.033 0.547 0.686 0.905
322 0.213 0.457 0.238 0.355
323 0.538 0.275 0.862 0.57
324 0.689 0.188 0.873 0.377
325 0.433 0.5 0.133 0.57
326 0.297 0.203 0.284 0.648
327 0.244 0.556 0.654 0.157
328 0.02 0.793 0.001 0.614
329 0.76 0.438 0.59 0.971
330 0.352 0.652 0.846 0.773
331 0.133 0.557 0.835 0.807
332 0.353 0.86 0.785 0.682
333 0.269 0.803 0.762 0.918
334 0.631 0.977 0.758 0.663
335 0.462 0.591 0.503 0.374
336 0.952 0.892 0.598 0.259
337 0.316 0.019 0.321 0.286
338 0.062 0.035 0.755 0.166
339 0.624 0.23 0.545 0.88
340 0.55 0.628 0.262 0.33
341 0.745 0.987 0.154 0.185
342 0.228 0.71 0.325 0.653
343 0.245 0.673 0.37 0.715
344 0.197 0.515 0.359 0.427
345 0.961 0.626 0.918 0.604
346 0.461 0.682 0.38 0.518
347 0.968 0.176 0.094 0.773
348 0.91 0.084 0.721 0.292
349 0.778 0.138 0.319 0.218
350 0.358 0.548 0.26 0.442
351 0.245 0.773 0.291 0.438
352 0.68 0.442 0.073 0.813
353 0.213 0.222 0.587 0.595
354 0.313 0.349 0.082 0.002
355 0.469 0.501 0.472 0.283
356 0.496 0.213 0.946 0.816
357 0.274 0.882 0.241 0.39
358 0.353 0.601 0.847 0.672
359 0.586 0.886 0.759 0.056
360 0.567 0.085 0.094 0.874
361 0.437 0.366 0.881 0.943
362 0.901 0.424 0.52 0.507
363 0.518 0.278 0.38 0.594
364 0.294 0.353 0.725 0.82
365 0.02 0.614 0.343 0.117
366 0.952 0.377 0.033 0.751
367 0.418 0.07 0.593 0.924
368 0.887 0.478 0.552 0.086
369 0.905 0.984 0.278 0.606
370 0.213 0.944 0.526 0.229
371 0.997 0.418 0.372 0.045
372 0.02 0.318 0.249 0.775
373 0.215 0.73 0.264 0.828
374 0.376 0.75 0.853 0.803
375 0.093 0.702 0.992 0.677
376 0.831 0.562 0.806 0.715
377 0.295 0.99 0.523 0.441
378 0.286 0.144 0.229 0.194
379 0.08 0.288 0.628 0.006
380 0.823 0.83 0.815 0.919
381 0.999 0.177 0.322 0.258
382 0.423 0.357 0.692 0.045
383 0.971 0.889 0.948 0.11
384 0.953 0.596 0.291 0.802
385 0.598 0.171 0.856 0.089
386 0.006 0.742 0.01 0.979
387 0.082 0.716 0.723 0.709
388 0.7 0.605 0.483 0.854
389 0.851 0.408 0.596 0.851
390 0.389 0.903 0.919 0.77
391 0.763 0.673 0.322 0.221
392 0.543 0.085 0.039 0.144
393 0.857 0.205 0.681 0.641
394 0.161 0.61 0.554 0.408
395 0.653 0.779 0.646 0.754
396 0.932 0.98 0.54 0.911
397 0.28 0.038 0.802 0.009
398 0.894 0.662 0.319 0.453
399 0.277 0.137 0.841 0.05
400 0.337 0.46 0.468 0.137
401 0.265 0.455 0.921 0.887
402 0.004 0.566 0.736 0.822
403 0.375 0.284 0.189 0.928
404 0.156 0.83 0.095 0.332
405 0.793 0.236 0.521 0.451
406 0.583 0.111 0.69 0.438
407 0.909 0.654 0.087 0.67
408 0.51 0.484 0.98 0.038
409 0.612 0.946 0.647 0.023
410 0.284 0.635 0.231 0.848
411 0.53 0.741 0.791 0.316
412 0.73 0.556 0.386 0.284
413 0.535 0.392 0.274 0.841
414 0.061 0.887 0.018 0.72
415 0.317 0.31 0.108 0.237
416 0.161 0.495 0.564 0.898
417 0.466 0.458 0.057 0.831
418 0.4 0.892 0.322 0.597
419 0.202 0.12 0.404 0.306
420 0.619 0.379 0.117 0.941
421 0.204 0.874 0.431 0.565
422 0.978 0.51 0.805 0.706
423 0.504 0.389 0.318 0.428
424 0.215 0.736 0.32 0.929
425 0.149 0.163 0.408 0.794
426 0.484 0.881 0.553 0.725
427 0.313 0.504 0.008 0.451
428 0.899 0.539 0.23 0.334
429 0.668 0.376 0.006 0.808
430 0.233 0.452 0.515 0.732
431 0.051 0.458 0.343 0.572
432 0.852 0.079 0.63 0.466
433 0.497 0.486 0.423 0.624
434 0.775 0.361 0.346 0.506
435 0.23 0.846 0.26 0.099
436 0.098 0.094 0.474 0.284
437 0.568 0.301 0.31 0.112
438 0.728 0.823 0.106 0.775
439 0.294 0.947 0.596 0.596
440 0.929 0.091 0.446 0.056
441 0.335 0.88 0.614 0.29
442 0.173 0.687 0.104 0.025
443 0.829 0.574 0.792 0.656
444 0.203 0.863 0.345 0.695
445 0.081 0.655 0.352 0.368
446 0.054 0.969 0.329 0.793
447 0.11 0.262 0.361 0.12
448 0.577 0.956 0.068 0.891
449 0.316 0.9 0.479 0.388
450 0.561 0.872 0.46 0.942
451 0.281 0.629 0.215 0.584
452 0.44 0.428 0.188 0.714
453 0.388 0.167 0.305 0.155
454 0.537 0.732 0.525 0.401
455 0.252 0.703 0.031 0.113
456 0.513 0.04 0.769 0.364
457 0.008 0.572 0.021 0.182
458 0.457 0.048 0.524 0.066
459 0.786 0.411 0.049 0.705
460 0.095 0.221 0.297 0.496
461 0.088 0.743 0.177 0.145
462 0.251 0.548 0.368 0.258
463 0.476 0.245 0.372 0.689
464 0.029 0.129 0.313 0.483
465 0.631 0.391 0.305 0.728
466 0.289 0.531 0.66 0.466
467 0.383 0.036 0.756 0.911
468 0.64 0.926 0.085 0.994
469 0.305 0.765 0.328 0.635
470 0.769 0.029 0.875 0.104
471 0.805 0.147 0.255 0.111
472 0.071 0.562 0.476 0.416
473 0.376 0.782 0.353 0.884
474 0.501 0.589 0.421 0.25
475 0.015 0.259 0.846 0.823
476 0.229 0.238 0.627 0.753
477 0.565 0.366 0.796 0.768
478 0.839 0.078 0.54 0.209
479 0.221 0.554 0.413 0.957
480 0.681 0.956 0.823 0.531
481 0.35 0.709 0.309 0.098
482 0.086 0.909 0.259 0.639
483 0.612 0.631 0.319 0.941
484 0.488 0.659 0.644 0.189
485 0.102 0.237 0.645 0.513
486 0.584 0.035 0.013 0.421
487 0.751 0.191 0.795 0.532
488 0.111 0.474 0.035 0.5
489 0.86 0.01 0.922 0.715
490 0.591 0.309 0.042 0.809
491 0.717 0.276 0.932 0.114
492 0.066 0.338 0.027 0.665
493 0.541 0.006 0.964 0.272
494 0.391 0.313 0.658 0.296
495 0.149 0.73 0.709 0.116
496 0.047 0.449 0.729 0.746
497 0.603 0.631 0.491 0.934
498 0.308 0.463 0.352 0.711
499 0.478 0.732 0.044 0.675
500 0.193 0.646 0.95 0.218
501 0.884 0.41 0.493 0.257
502 0.664 0.806 0.204 0.725
503 0.088 0.157 0.613 0.123
504 0.576 0.455 0.64 0.466
505 0.792 0.98 0.606 0.52
506 0.056 0.175 0.29 0.894
507 0.677 0.878 0.385 0.955
508 0.871 0.67 0.752 0.044
509 0.618 0.708 0.973 0.265
510 0.66 0.435 0.091 0.227
511 0.186 0.421 0.638 0.549
512 0.705 0.747 0.096 0.749
513 0.943 0.224 0.987 0.227
514 0.343 0.25 0.208 0.417
515 0.293 0.874 0.519 0.811
516 0.174 0.712 0.546 0.481
517 0.399 0.343 0.033 0.11
518 0.234 0.679 0.621 0.76
519 0.886 0.419 0.141 0.258
520 0.676 0.257 0.634 0.13
521 0.192 0.549 0.719 0.045
522 0.595 0.943 0.279 0.574
523 0.182 0.869 0.311 0.52
524 0.065 0.589 0.62 0.86
525 0.086 0.589 0.977 0.193
526 0.998 0.116 0.052 0.764
527 0.012 0.302 0.831 0.757
528 0.841 0.8 0.84 0.987
529 0.925 0.192 0.555 0.567
530 0.572 0.78 0.569 0.766
531 0.939 0.775 0.92 0.107
532 0.992 0.44 0.619 0.034
533 0.772 0.807 0.991 0.888
534 0.611 0.15 0.073 0.608
535 0.596 0.58 0.622 0.01
536 0.65 0.722 0.989 0.761
537 0.777 0.503 0.516 0.464
538 0.393 0.584 0.493 0.453
539 0.8 0.757 0.799 0.121
540 0.004 0.828 0.486 0.585
541 0.737 0.658 0.367 0.177
542 0.167 0.953 0.451 0.678
543 0.035 0.414 0.469 0.09
544 0.041 0.795 0.803 0.788
545 0.505 0.181 0.411 0.211
546 0.924 0.567 0.529 0.26
547 0.813 0.53 0.107 0.433
548 0.683 0.869 0.747 0.615
549 0.97 0.701 0.138 0.34
550 0.419 0.97 0.184 0.651
551 0.877 0.033 0.56 0.864
552 0.757 0.971 0.596 0.099
553 0.969 0.216 0.562 0.902
554 0.037 0.348 0.328 0.704
555 0.44 0.835 0.813 0.508
556 0.074 0.383 0.629 0.015
557 0.755 0.548 0.283 0.276
558 0.16 0.361 0.724 0.219
559 0.692 0.756 0.437 0.505
560 0.532 0.2 0.655 0.37
561 0.457 0.713 0.216 0.821
562 0.564 0.6 0.551 0.322
563 0.145 0.865 0.622 0.99
564 0.26 0.362 0.787 0.996
565 0.75 0.694 0.895 0.346
566 0.96 0.439 0.978 0.965
567 0.245 0.903 0.577 0.283
568 0.72 0.621 0.66 0.485
569 0.503 0.422 0.392 0.26
570 0.602 0.929 0.253 0.77
571 0.166 0.138 0.14 0.645
572 0.593 0.3 0.944 0.111
573 0.102 0.92 0.955 0.24
574 0.534 0.123 0.711 0.595
575 0.114 0.077 0.828 0.698
576 0.672 0.081 0.029 0.058
577 0.38 0.718 0.72 0.246
578 0.078 0.242 0.837 0.707
579 0.674 0.889 0.92 0.253
580 0.231 0.987 0.412 0.398
581 0.13 0.187 0.175 0.6
582 0.768 0.909 0.44 0.653
583 0.201 0.237 0.075 0.057
584 0.623 0.592 0.936 0.118
585 0.469 0.008 0.622 0.812
586 0.006 0.364 0.556 0.211
587 0.636 0.752 0.662 0.367
588 0.765 0.233 0.71 0.289
589 0.938 0.723 0.675 0.81
590 0.872 0.214 0.116 0.562
591 0.242 0.341 0.18 0.816
592 0.545 0.144 0.17 0.664
593 0.651 0.713 0.868 0.687
594 0.486 0.196 0.89 0.822
595 0.644 0.198 0.648 0.209
596 0.743 0.774 0.731 0.891
597 0.988 0.242 0.369 0.536
598 0.524 0.052 0.13 0.29
599 0.721 0.548 0.335 0.221
600 0.085 0.808 0.932 0.698
601 0.448 0.346 0.227 0.407
602 0.54 0.368 0.765 0.03
603 0.697 0.989 0.799 0.373
604 0.034 0.713 0.298 0.113
605 0.037 0.484 0.615 0.435
606 0.725 0.639 0.586 0.013
607 0.048 0.838 0.548 0.968
608 0.533 0.298 0.86 0.976
609 0.762 0.226 0.044 0.776
610 0.875 0.67 0.689 0.333
611 0.14 0.357 0.321 0.981
612 0.712 0.148 0.301 0.998
613 0.671 0.964 0.26 0.593
614 0.226 0.459 0.054 0.301
615 0.055 0.058 0.081 0.91
616 0.742 0.884 0.628 0.854
617 0.016 0.069 0.497 0.649
618 0.028 0.412 0.752 0.313
619 0.065 0.208 0.328 0.749
620 0.411 0.515 0.775 0.319
621 0.832 0.148 0.987 0.439
622 0.642 0.215 0.678 0.348
623 0.457 0.485 0.119 0.452
624 0.792 0.227 0.559 0.837
625 0.249 0.144 0.761 0.528
626 0.009 0.568 0.707 0.639
627 0.601 0.003 0.103 0.446
628 0.586 0.46 0.89 0.282
629 0.67 0.461 0.139 0.426
630 0.843 0.389 0.499 0.851
631 0.971 0.923 0.323 0.63
632 0.421 0.546 0.329 0.27
633 0.523 0.197 0.857 0.615
634 0.962 0.688 0.256 0.169
635 0.782 0.577 0.17 0.616
636 0.679 0.787 0.676 0.327
637 0.037 0.327 0.123 0.957
638 0.925 0.479 0.446 0.081
639 0.867 0.402 0.507 0.527
640 0.915 0.358 0.627 0.586
641 0.88 0.699 0.775 0.249
642 0.722 0.097 0.36 0.669
643 0.49 0.224 0.097 0.374
644 0.849 0.879 0.292 0.983
645 0.15 0.472 0.537 0.113
646 0.135 0.98 0.503 0.52
647 0.014 0.602 0.385 0.45
648 0.778 0.145 0.323 0.687
649 0.579 0.202 0.348 0.22
650 0.936 0.864 0.105 0.098
651 0.039 0.331 0.245 0.861
652 0.174 0.97 0.912 0.699
653 0.062 0.255 0.365 0.884
654 0.495 0.115 0.867 0.903
655 0.608 0.903 0.057 0.197
656 0.172 0.271 0.293 0.502
657 0.713 0.394 0.166 0.199
658 0.819 0.485 0.445 0.307
659 0.393 0.706 0.138 0.636
660 0.958 0.246 0.627 0.284
661 0.883 0.248 0.206 0.002
662 0.499 0.629 0.272 0.72
663 0.74 0.639 0.924 0.208
664 0.872 0.925 0.957 0.888
665 0.429 0.325 0.405 0.337
666 0.775 0.289 0.931 0.318
667 0.676 0.361 0.915 0.427
668 0.051 0.515 0.818 0.949
669 0.125 0.686 0.069 0.228
670 0.144 0.997 0.413 0.175
671 0.386 0.855 0.934 0.213
672 0.432 0.386 0.074 0.635
673 0.877 0.33 0.862 0.366
674 0.096 0.968 0.623 0.065
675 0.044 0.683 0.27 0.299
676 0.038 0.649 0.442 0.373
677 0.889 0.464 0.169 0.647
678 0.304 0.786 0.291 0.42
679 0.591 0.317 0.874 0.523
680 0.184 0.919 0.376 0.172
681 0.313 0.948 0.167 0.293
682 0.575 0.256 0.39 0.471
683 0.807 0.844 0.89 0.205
684 0.251 0.342 0.573 0.404
685 0.709 0.159 0.911 0.317
686 0.598 0.986 0.416 0.367
687 0.824 0.357 0.188 0.074
688 0.657 0.974 0.66 0.44
689 0.575 0.423 0.989 0.779
690 0.938 0.705 0.829 0.104
691 0.975 0.655 0.529 0.137
692 0.177 0.344 0.643 0.791
693 0.987 0.638 0.507 0.443
694 0.566 0.779 0.788 0.525
695 0.81 0.7 0.671 0.636
696 0.776 0.287 0.1 0.021
697 0.147 0.108 0.961 0.702
698 0.834 0.898 0.206 0.839
699 0.449 0.239 0.119 0.777
700 0.468 0.527 0.976 0.456
701 0.794 0.282 0.963 0.411
702 0.004 0.179 0.637 0.54
703 0.288 0.921 0.588 0.558
704 0.288 0.628 0.043 0.566
705 0.071 0.432 0.487 0.372
706 0.905 0.446 0.857 0.171
707 0.497 0.158 0.21 0.84
708 0.946 0.773 0.007 0.944
709 0.863 0.631 0.474 0.991
710 0.931 0.303 0.201 0.368
711 0.896 0.482 0.445 0.082
712 0.632 0.381 0.112 0.848
713 0.839 0.24 0.267 0.169
714 0.383 0.295 0.808 0.245
715 0.347 0.075 0.19 0.866
716 0.444 0.663 0.499 0.631
717 0.637 0.898 0.397 0.711
718 0.654 0.461 0.046 0.346
719 0.45 0.685 0.133 0.013
720 0.453 0.696 0.252 0.054
721 0.678 0.297 0.963 0.857
722 0.864 0.83 0.002 0.972
723 0.699 0.503 0.459 0.647
724 0.16 0.736 0.624 0.559
725 0.715 0.038 0.019 0.871
726 0.171 0.413 0.912 0.853
727 0.305 0.255 0.777 0.733
728 0.624 0.254 0.061 0.204
729 0.506 0.585 0.198 0.535
730 0.97 0.728 0.848 0.091
731 0.121 0.646 0.397 0.628
732 0.97 0.55 0.554 0.272
733 0.003 0.013 0.728 0.008
734 0.353 0.644 0.346 0.926
735 0.075 0.294 0.918 0.054
736 0.695 0.914 0.072 0.645
737 0.631 0.773 0.48 0.147
738 0.781 0.61 0.82 0.455
739 0.524 0.628 0.122 0.123
740 0.697 0.374 0.34 0.966
741 0.779 0.077 0.102 0.994
742 0.506 0.646 0.005 0.079
743 0.307 0.689 0.526 0.999
744 0.321 0.502 0.854 0.232
745 0.528 0.668 0.301 0.199
746 0.741 0.356 0.497 0.415
747 0.564 0.314 0.911 0.087
748 0.426 0.017 0.822 0.971
749 0.742 0.301 0.1 0.42
750 0.426 0.269 0.511 0.97
751 0.161 0.886 0.904 0.023
752 0.836 0.389 0.863 0.113
753 0.51 0.393 0.329 0.213
754 0.031 0.64 0.865 0.495
755 0.838 0.306 0.932 0.504
756 0.124 0.541 0.104 0.717
757 0.366 0.424 0.657 0.123
758 0.739 0.079 0.306 0.766
759 0.105 0.449 0.45 0.044
760 0.843 0.592 0.005 0.35
761 0.22 0.806 0.192 0.83
762 0.816 0.056 0.102 0.954
763 0.918 0.006 0.317 0.528
764 0.941 0.951 0.608 0.397
765 0.886 0.348 0.417 0.907
766 0.706 0.656 0.397 0.738
767 0.403 0.468 0.11 0.573
768 0.185 0.748 0.289 0.977
769 0.376 0.224 0.594 0.814
770 0.912 0.955 0.165 0.43
771 0.231 0.279 0.07 0.042
772 0.987 0.358 0.13 0.649
773 0.535 0.569 0.081 0.633
774 0.231 0.869 0.278 0.431
775 0.569 0.065 0.514 0.911
776 0.222 0.217 0.225 0.521
777 0.19 0.509 0.765 0.796
778 0.647 0.986 0.138 0.854
779 0.019 0.529 0.87 0.034
780 0.359 0.174 0.955 0.485
781 0.724 0.85 0.068 0.288
782 0.121 0.352 0.007 0.433
783 0.743 0.409 0.094 0.09
784 0.049 0.265 0.047 0.224
785 0.459 0.689 0.118 0.749
786 0.977 0.905 0.981 0.468
787 0.858 0.115 0.731 0.534
788 0.73 0.098 0.656 0.314
789 0.758 0.446 0.658 0.072
790 0.067 0.887 0.889 0.736
791 0.148 0.6 0.454 0.23
792 0.858 0.214 0.849 0.588
793 0.507 0.124 0.916 0.062
794 0.422 0.035 0.054 0.502
795 0.884 0.34 0.506 0.783
796 0.422 0.074 0.099 0.53
797 0.759 0.426 0.411 0.333
798 0.844 0.872 0.515 0.606
799 0.497 0.508 0.365 0.182
800 0.162 0.853 0.924 0.441
801 0.25 0.061 0.535 0.735
802 0.809 0.823 0.191 0.137
803 0.95 0.568 0.64 0.777
804 0.19 0.622 0.008 0.109
805 0.903 0.405 0.213 0.314
806 0.737 0.495 0.556 0.096
807 0.978 0.105 0.316 0.776
808 0.5 0.194 0.85 0.582
809 0.067 0.486 0.919 0.282
810 0.214 0.97 0.584 0.542
811 0.409 0.392 0.142 0.699
812 0.632 0.954 0.274 0.84
813 0.15 0.22 0.672 0.145
814 0.723 0.882 0.878 0.823
815 0.84 0.057 0.758 0.076
816 0.457 0.261 0.944 0.319
817 0.219 0.565 0.756 0.381
818 0.622 0.505 0.875 0.895
819 0.258 0.552 0.522 0.213
820 0.619 0.424 0.246 0.228
821 0.375 0.394 0.232 0.328
822 0.156 0.47 0.765 0.046
823 0.354 0.246 0.83 0.263
824 0.145 0.991 0.524 0.013
825 0.672 0.524 0.355 0.115
826 0.787 0.084 0.197 0.261
827 0.471 0.772 0.361 0.402
828 0.232 0.653 0.683 0.686
829 0.532 0.308 0.387 0.586
830 0.187 0.846 0.111 0.776
831 0.227 0.648 0.287 0.494
832 0.022 0.013 0.019 0.985
833 0.674 0.453 0.645 0.026
834 0.431 0.463 0.422 0.84
835 0.397 0.638 0.824 0.892
836 0.858 0.856 0.117 0.862
837 0.284 0.9 0.206 0.756
838 0.612 0.487 0.955 0.653
839 0.572 0.959 0.103 0.183
840 0.967 0.182 0.667 0.729
841 0.169 0.209 0.711 0.199
842 0.94 0.386 0.967 0.319
843 0.768 0.175 0.834 0.662
844 0.835 0.52 0.773 0.191
845 0.96 0.149 0.121 0.232
846 0.885 0.864 0.063 0.047
847 0.472 0.259 0.127 0.746
848 0.185 0.691 0.252 0.614
849 0.789 0.979 0.686 0.501
850 0.802 0.37 0.111 0.904
851 0.167 0.92 0.814 0.087
852 0.555 0.776 0.121 1.0
853 0.361 0.986 0.082 0.013
854 0.573 0.167 0.903 0.992
855 0.288 0.08 0.243 0.898
856 0.217 0.287 0.887 0.319
857 0.681 0.313 0.265 0.728
858 0.864 0.744 0.108 0.416
859 0.956 0.574 0.911 0.378
860 0.668 0.087 0.982 0.882
861 0.237 0.121 0.481 0.201
862 0.239 0.3 0.122 0.054
863 0.63 0.159 0.861 0.553
864 0.338 0.138 0.14 0.186
865 0.873 0.328 0.127 0.96
866 0.278 0.887 0.623 0.594
867 0.125 0.835 0.599 0.769
868 0.843 0.733 0.007 0.099
869 0.408 0.403 0.4 0.442
870 0.564 0.322 0.579 0.283
871 0.664 0.685 0.974 0.022
872 0.649 0.179 0.005 0.877
873 0.129 0.55 0.356 0.212
874 0.719 0.492 0.663 0.141
875 0.791 0.868 0.784 0.528
876 0.715 0.77 0.346 0.208
877 0.149 0.862 0.528 0.178
878 0.914 0.618 0.894 0.424
879 0.742 0.455 0.296 0.269
880 0.631 0.281 0.578 0.454
881 0.621 0.364 0.144 0.24
882 0.739 0.119 0.126 0.905
883 0.416 0.164 0.165 0.545
884 0.243 0.755 0.908 0.893
885 0.68 0.479 0.494 0.416
886 0.054 0.594 0.779 0.84
887 0.515 0.399 0.136 0.775
888 0.086 0.667 0.78 0.022
889 0.504 0.033 0.536 0.373
890 0.78 0.07 0.148 0.736
891 0.391 0.908 0.763 0.711
892 0.689 0.422 0.828 0.67
893 0.561 0.136 0.728 0.848
894 0.729 0.29 0.133 0.269
895 0.826 0.547 0.449 0.125
896 0.853 0.803 0.382 0.699
897 0.868 0.585 0.958 0.942
898 0.047 0.056 0.773 0.353
899 0.854 0.487 0.676 0.413
900 0.339 0.874 0.425 0.678
901 0.065 0.103 0.414 0.771
902 0.611 0.005 0.274 0.049
903 0.084 0.775 0.501 0.489
904 0.288 0.067 0.343 0.009
905 0.428 0.45 0.735 0.519
906 0.376 0.566 0.265 0.809
907 0.764 0.044 0.838 0.802
908 0.596 0.496 0.987 0.985
909 0.868 0.892 0.791 0.288
910 0.452 0.727 0.346 0.818
911 0.787 0.481 0.105 0.236
912 0.402 0.2 0.31 0.083
913 0.087 0.14 0.084 0.867
914 0.764 0.287 0.4 0.436
915 0.442 0.007 0.363 0.552
916 0.627 0.037 0.247 0.085
917 0.282 0.401 0.9 0.335
918 0.317 0.155 0.243 0.181
919 0.783 0.784 0.589 0.946
920 0.343 0.838 0.405 0.683
921 0.936 0.053 0.575 0.037
922 0.89 0.307 0.568 0.302
923 0.849 0.19 0.939 0.671
924 0.883 0.523 0.642 0.608
925 0.959 0.912 0.766 0.462
926 0.249 0.378 0.708 0.713
927 0.741 0.062 0.805 0.01
928 0.041 0.263 0.706 0.959
929 0.863 0.081 0.186 0.868
930 0.587 0.687 0.944 0.879
931 0.457 0.885 0.755 0.223
932 0.136 0.496 0.771 0.793
933 0.279 0.117 0.587 0.576
934 0.555 0.152 0.243 0.659
935 0.486 0.507 0.956 0.125
936 0.381 0.702 0.948 0.697
937 0.42 0.249 0.218 0.427
938 0.666 0.481 0.728 0.796
939 0.709 0.68 0.174 0.238
940 0.001 0.433 0.641 0.459
941 0.391 0.865 0.164 0.653
942 0.137 0.078 0.537 0.831
943 0.955 0.481 0.634 0.066
944 0.584 0.816 0.231 0.461
945 0.771 0.699 0.256 0.038
946 0.898 0.776 0.978 0.369
947 0.579 0.381 0.021 0.337
948 0.493 0.605 0.471 0.736
949 0.328 0.168 0.135 0.102
950 0.977 0.287 0.038 0.597
951 0.5 0.569 0.748 0.535
952 0.562 0.023 0.146 0.114
953 0.701 0.737 0.673 0.377
954 0.05 0.379 0.307 0.565
955 0.939 0.517 0.392 0.461
956 0.229 0.631 0.219 0.34
957 0.608 0.997 0.373 0.18
958 0.353 0.997 0.393 0.735
959 0.373 0.818 0.692 0.786
960 0.059 0.067 0.382 0.508
961 0.549 0.788 0.555 0.939
962 0.465 0.639 0.929 0.675
963 0.697 0.501 0.098 0.166
964 0.799 0.951 0.016 0.655
965 0.455 0.221 0.247 0.07
966 0.607 0.886 0.548 0.423
967 0.906 0.276 0.351 0.848
968 0.942 0.778 0.597 0.736
969 0.146 0.257 0.196 0.98
970 0.752 0.936 0.003 0.309
971 0.938 0.537 0.969 0.055
972 0.777 0.408 0.622 0.608
973 0.182 0.857 0.882 0.928
974 0.351 0.436 0.561 0.043
975 0.044 0.253 0.326 0.309
976 0.065 0.687 0.351 0.982
977 0.642 0.808 0.93 0.163
978 0.221 0.175 0.701 0.896
979 0.61 0.667 0.944 0.233
980 0.072 0.781 0.551 0.981
981 0.295 0.205 0.959 0.552
982 0.167 0.134 0.334 0.819
983 0.995 0.587 0.155 0.73
984 0.812 0.743 0.14 0.063
985 0.523 0.173 0.043 0.13
986 0.939 0.486 0.53 0.151
987 0.423 0.388 0.376 0.393
988 0.088 0.112 0.877 0.323
989 0.235 0.676 0.454 0.026
990 0.258 0.332 0.37 0.761
991 0.438 0.295 0.606 0.367
992 0.136 0.339 0.932 0.569
993 0.061 0.907 0.755 0.37
994 0.488 0.034 0.438 0.232
995 0.954 0.769 0.965 0.244
996 0.016 0.562 0.428 0.852
997 0.535 0.506 0.894 0.436
998 0.873 0.842 0.534 0.447
999 0.138 0.303 0.458 0.129
1000 0.352 0.223 0.439 0.288
;

param y_test :=
1 -1.0
2 1.0
3 -1.0
4 -1.0
5 1.0
6 1.0
7 -1.0
8 1.0
9 1.0
10 1.0
11 -1.0
12 1.0
13 -1.0
14 -1.0
15 -1.0
16 -1.0
17 -1.0
18 -1.0
19 1.0
20 1.0
21 1.0
22 1.0
23 1.0
24 1.0
25 1.0
26 1.0
27 -1.0
28 -1.0
29 1.0
30 1.0
31 1.0
32 -1.0
33 -1.0
34 -1.0
35 -1.0
36 -1.0
37 1.0
38 -1.0
39 -1.0
40 -1.0
41 1.0
42 1.0
43 -1.0
44 1.0
45 1.0
46 1.0
47 -1.0
48 1.0
49 1.0
50 1.0
51 1.0
52 -1.0
53 -1.0
54 1.0
55 -1.0
56 -1.0
57 -1.0
58 1.0
59 -1.0
60 -1.0
61 1.0
62 1.0
63 1.0
64 1.0
65 -1.0
66 -1.0
67 -1.0
68 -1.0
69 1.0
70 1.0
71 1.0
72 -1.0
73 -1.0
74 -1.0
75 -1.0
76 -1.0
77 -1.0
78 -1.0
79 1.0
80 1.0
81 1.0
82 -1.0
83 1.0
84 1.0
85 1.0
86 1.0
87 1.0
88 1.0
89 1.0
90 -1.0
91 1.0
92 1.0
93 1.0
94 1.0
95 -1.0
96 1.0
97 -1.0
98 -1.0
99 1.0
100 -1.0
101 1.0
102 1.0
103 -1.0
104 1.0
105 1.0
106 -1.0
107 -1.0
108 1.0
109 1.0
110 -1.0
111 -1.0
112 1.0
113 -1.0
114 1.0
115 1.0
116 -1.0
117 -1.0
118 1.0
119 1.0
120 1.0
121 1.0
122 -1.0
123 -1.0
124 1.0
125 -1.0
126 -1.0
127 1.0
128 -1.0
129 1.0
130 1.0
131 1.0
132 1.0
133 1.0
134 -1.0
135 -1.0
136 1.0
137 1.0
138 -1.0
139 -1.0
140 -1.0
141 1.0
142 -1.0
143 1.0
144 -1.0
145 -1.0
146 -1.0
147 -1.0
148 -1.0
149 -1.0
150 1.0
151 1.0
152 -1.0
153 1.0
154 -1.0
155 -1.0
156 -1.0
157 1.0
158 1.0
159 -1.0
160 1.0
161 -1.0
162 1.0
163 1.0
164 1.0
165 1.0
166 1.0
167 -1.0
168 -1.0
169 -1.0
170 1.0
171 -1.0
172 -1.0
173 1.0
174 -1.0
175 -1.0
176 -1.0
177 1.0
178 -1.0
179 -1.0
180 1.0
181 -1.0
182 -1.0
183 -1.0
184 -1.0
185 -1.0
186 1.0
187 -1.0
188 -1.0
189 1.0
190 -1.0
191 1.0
192 -1.0
193 -1.0
194 1.0
195 1.0
196 1.0
197 1.0
198 -1.0
199 1.0
200 1.0
201 1.0
202 1.0
203 1.0
204 -1.0
205 1.0
206 1.0
207 1.0
208 -1.0
209 1.0
210 -1.0
211 1.0
212 1.0
213 -1.0
214 1.0
215 1.0
216 1.0
217 1.0
218 1.0
219 1.0
220 1.0
221 1.0
222 1.0
223 -1.0
224 -1.0
225 -1.0
226 1.0
227 -1.0
228 -1.0
229 1.0
230 1.0
231 -1.0
232 1.0
233 -1.0
234 1.0
235 1.0
236 1.0
237 1.0
238 -1.0
239 1.0
240 1.0
241 -1.0
242 -1.0
243 1.0
244 -1.0
245 1.0
246 1.0
247 -1.0
248 1.0
249 -1.0
250 1.0
251 1.0
252 -1.0
253 1.0
254 -1.0
255 1.0
256 1.0
257 -1.0
258 -1.0
259 -1.0
260 -1.0
261 1.0
262 1.0
263 -1.0
264 1.0
265 1.0
266 1.0
267 1.0
268 -1.0
269 1.0
270 1.0
271 -1.0
272 1.0
273 1.0
274 -1.0
275 -1.0
276 -1.0
277 -1.0
278 1.0
279 1.0
280 1.0
281 1.0
282 1.0
283 -1.0
284 -1.0
285 -1.0
286 -1.0
287 1.0
288 1.0
289 -1.0
290 1.0
291 1.0
292 -1.0
293 -1.0
294 1.0
295 1.0
296 1.0
297 -1.0
298 1.0
299 1.0
300 1.0
301 1.0
302 1.0
303 -1.0
304 1.0
305 -1.0
306 -1.0
307 -1.0
308 1.0
309 -1.0
310 -1.0
311 -1.0
312 1.0
313 -1.0
314 -1.0
315 1.0
316 1.0
317 -1.0
318 -1.0
319 1.0
320 1.0
321 1.0
322 1.0
323 1.0
324 -1.0
325 -1.0
326 1.0
327 -1.0
328 -1.0
329 1.0
330 1.0
331 -1.0
332 -1.0
333 1.0
334 -1.0
335 1.0
336 1.0
337 -1.0
338 -1.0
339 -1.0
340 1.0
341 1.0
342 1.0
343 -1.0
344 1.0
345 1.0
346 1.0
347 -1.0
348 -1.0
349 1.0
350 -1.0
351 -1.0
352 -1.0
353 1.0
354 1.0
355 1.0
356 -1.0
357 1.0
358 -1.0
359 -1.0
360 1.0
361 1.0
362 1.0
363 -1.0
364 -1.0
365 1.0
366 1.0
367 -1.0
368 1.0
369 1.0
370 -1.0
371 1.0
372 -1.0
373 1.0
374 1.0
375 1.0
376 -1.0
377 -1.0
378 1.0
379 -1.0
380 -1.0
381 1.0
382 1.0
383 -1.0
384 1.0
385 1.0
386 -1.0
387 1.0
388 1.0
389 1.0
390 1.0
391 -1.0
392 -1.0
393 -1.0
394 -1.0
395 1.0
396 -1.0
397 1.0
398 1.0
399 -1.0
400 -1.0
401 -1.0
402 1.0
403 -1.0
404 1.0
405 1.0
406 1.0
407 1.0
408 -1.0
409 1.0
410 -1.0
411 -1.0
412 -1.0
413 1.0
414 -1.0
415 1.0
416 -1.0
417 -1.0
418 -1.0
419 -1.0
420 1.0
421 1.0
422 1.0
423 1.0
424 1.0
425 1.0
426 -1.0
427 1.0
428 -1.0
429 -1.0
430 1.0
431 1.0
432 -1.0
433 -1.0
434 -1.0
435 1.0
436 -1.0
437 -1.0
438 1.0
439 -1.0
440 -1.0
441 1.0
442 -1.0
443 -1.0
444 1.0
445 -1.0
446 -1.0
447 1.0
448 1.0
449 -1.0
450 1.0
451 1.0
452 -1.0
453 1.0
454 1.0
455 1.0
456 1.0
457 -1.0
458 -1.0
459 1.0
460 1.0
461 -1.0
462 1.0
463 1.0
464 1.0
465 -1.0
466 -1.0
467 -1.0
468 1.0
469 -1.0
470 1.0
471 1.0
472 1.0
473 -1.0
474 -1.0
475 1.0
476 1.0
477 1.0
478 1.0
479 -1.0
480 1.0
481 1.0
482 -1.0
483 1.0
484 1.0
485 -1.0
486 1.0
487 -1.0
488 1.0
489 1.0
490 -1.0
491 -1.0
492 -1.0
493 -1.0
494 -1.0
495 1.0
496 1.0
497 1.0
498 -1.0
499 1.0
500 1.0
501 1.0
502 -1.0
503 1.0
504 1.0
505 -1.0
506 -1.0
507 -1.0
508 1.0
509 1.0
510 1.0
511 -1.0
512 -1.0
513 -1.0
514 1.0
515 1.0
516 1.0
517 -1.0
518 -1.0
519 -1.0
520 1.0
521 1.0
522 -1.0
523 -1.0
524 1.0
525 1.0
526 -1.0
527 1.0
528 -1.0
529 -1.0
530 -1.0
531 1.0
532 -1.0
533 -1.0
534 -1.0
535 -1.0
536 -1.0
537 -1.0
538 1.0
539 1.0
540 1.0
541 1.0
542 -1.0
543 -1.0
544 -1.0
545 1.0
546 -1.0
547 1.0
548 1.0
549 -1.0
550 1.0
551 -1.0
552 1.0
553 -1.0
554 -1.0
555 1.0
556 1.0
557 -1.0
558 -1.0
559 1.0
560 1.0
561 -1.0
562 -1.0
563 1.0
564 -1.0
565 1.0
566 -1.0
567 -1.0
568 -1.0
569 1.0
570 -1.0
571 1.0
572 1.0
573 1.0
574 -1.0
575 1.0
576 -1.0
577 1.0
578 1.0
579 -1.0
580 1.0
581 1.0
582 1.0
583 -1.0
584 -1.0
585 1.0
586 1.0
587 1.0
588 1.0
589 -1.0
590 1.0
591 1.0
592 1.0
593 1.0
594 1.0
595 -1.0
596 1.0
597 -1.0
598 1.0
599 1.0
600 1.0
601 1.0
602 -1.0
603 1.0
604 1.0
605 1.0
606 1.0
607 1.0
608 1.0
609 1.0
610 -1.0
611 1.0
612 -1.0
613 -1.0
614 -1.0
615 1.0
616 -1.0
617 1.0
618 1.0
619 1.0
620 1.0
621 -1.0
622 -1.0
623 -1.0
624 1.0
625 -1.0
626 -1.0
627 -1.0
628 -1.0
629 1.0
630 1.0
631 1.0
632 1.0
633 -1.0
634 -1.0
635 -1.0
636 1.0
637 1.0
638 -1.0
639 -1.0
640 -1.0
641 -1.0
642 1.0
643 1.0
644 -1.0
645 1.0
646 -1.0
647 -1.0
648 -1.0
649 -1.0
650 1.0
651 -1.0
652 -1.0
653 1.0
654 -1.0
655 -1.0
656 -1.0
657 1.0
658 1.0
659 -1.0
660 -1.0
661 1.0
662 -1.0
663 -1.0
664 1.0
665 -1.0
666 1.0
667 1.0
668 1.0
669 1.0
670 1.0
671 -1.0
672 -1.0
673 1.0
674 -1.0
675 -1.0
676 1.0
677 1.0
678 -1.0
679 1.0
680 1.0
681 -1.0
682 -1.0
683 1.0
684 1.0
685 -1.0
686 -1.0
687 1.0
688 1.0
689 1.0
690 -1.0
691 -1.0
692 1.0
693 -1.0
694 1.0
695 1.0
696 1.0
697 1.0
698 1.0
699 1.0
700 -1.0
701 1.0
702 -1.0
703 1.0
704 1.0
705 1.0
706 1.0
707 1.0
708 1.0
709 -1.0
710 1.0
711 -1.0
712 -1.0
713 -1.0
714 -1.0
715 1.0
716 1.0
717 1.0
718 1.0
719 1.0
720 1.0
721 1.0
722 -1.0
723 1.0
724 1.0
725 1.0
726 -1.0
727 -1.0
728 -1.0
729 1.0
730 -1.0
731 1.0
732 1.0
733 1.0
734 -1.0
735 -1.0
736 1.0
737 -1.0
738 -1.0
739 -1.0
740 -1.0
741 1.0
742 -1.0
743 -1.0
744 1.0
745 -1.0
746 -1.0
747 -1.0
748 -1.0
749 -1.0
750 1.0
751 -1.0
752 1.0
753 1.0
754 -1.0
755 -1.0
756 1.0
757 1.0
758 -1.0
759 -1.0
760 1.0
761 1.0
762 1.0
763 1.0
764 -1.0
765 1.0
766 1.0
767 -1.0
768 -1.0
769 1.0
770 1.0
771 -1.0
772 -1.0
773 -1.0
774 1.0
775 1.0
776 1.0
777 -1.0
778 -1.0
779 -1.0
780 -1.0
781 -1.0
782 1.0
783 1.0
784 -1.0
785 1.0
786 -1.0
787 1.0
788 1.0
789 1.0
790 -1.0
791 -1.0
792 -1.0
793 1.0
794 1.0
795 1.0
796 1.0
797 1.0
798 1.0
799 -1.0
800 -1.0
801 -1.0
802 1.0
803 1.0
804 1.0
805 1.0
806 1.0
807 -1.0
808 -1.0
809 -1.0
810 1.0
811 -1.0
812 1.0
813 1.0
814 -1.0
815 -1.0
816 -1.0
817 -1.0
818 1.0
819 1.0
820 -1.0
821 -1.0
822 1.0
823 -1.0
824 -1.0
825 -1.0
826 -1.0
827 -1.0
828 -1.0
829 -1.0
830 -1.0
831 -1.0
832 -1.0
833 -1.0
834 1.0
835 -1.0
836 -1.0
837 1.0
838 1.0
839 1.0
840 1.0
841 1.0
842 -1.0
843 -1.0
844 -1.0
845 -1.0
846 -1.0
847 1.0
848 -1.0
849 1.0
850 1.0
851 1.0
852 1.0
853 1.0
854 1.0
855 -1.0
856 1.0
857 -1.0
858 1.0
859 -1.0
860 -1.0
861 1.0
862 -1.0
863 1.0
864 -1.0
865 1.0
866 -1.0
867 1.0
868 -1.0
869 -1.0
870 -1.0
871 -1.0
872 1.0
873 -1.0
874 -1.0
875 1.0
876 1.0
877 -1.0
878 -1.0
879 -1.0
880 -1.0
881 -1.0
882 1.0
883 1.0
884 -1.0
885 -1.0
886 -1.0
887 1.0
888 1.0
889 -1.0
890 1.0
891 1.0
892 1.0
893 1.0
894 -1.0
895 -1.0
896 -1.0
897 1.0
898 1.0
899 -1.0
900 1.0
901 1.0
902 1.0
903 -1.0
904 1.0
905 1.0
906 1.0
907 1.0
908 1.0
909 -1.0
910 -1.0
911 1.0
912 -1.0
913 -1.0
914 -1.0
915 1.0
916 -1.0
917 -1.0
918 -1.0
919 -1.0
920 -1.0
921 -1.0
922 1.0
923 -1.0
924 1.0
925 1.0
926 -1.0
927 -1.0
928 -1.0
929 -1.0
930 1.0
931 1.0
932 1.0
933 1.0
934 -1.0
935 1.0
936 -1.0
937 -1.0
938 -1.0
939 1.0
940 1.0
941 -1.0
942 -1.0
943 -1.0
944 -1.0
945 -1.0
946 1.0
947 -1.0
948 -1.0
949 -1.0
950 1.0
951 -1.0
952 -1.0
953 1.0
954 -1.0
955 1.0
956 1.0
957 -1.0
958 1.0
959 1.0
960 -1.0
961 -1.0
962 1.0
963 1.0
964 -1.0
965 1.0
966 -1.0
967 1.0
968 1.0
969 1.0
970 -1.0
971 -1.0
972 -1.0
973 -1.0
974 -1.0
975 1.0
976 -1.0
977 1.0
978 -1.0
979 1.0
980 -1.0
981 -1.0
982 1.0
983 -1.0
984 1.0
985 -1.0
986 1.0
987 -1.0
988 1.0
989 -1.0
990 -1.0
991 -1.0
992 -1.0
993 -1.0
994 1.0
995 1.0
996 -1.0
997 1.0
998 1.0
999 -1.0
1000 1.0
;

param A_test : 1 2 3 4 :=
1 0.411 0.395 0.655 0.02
2 0.864 0.226 0.875 0.423
3 0.224 0.726 0.67 0.285
4 0.323 0.261 0.852 0.421
5 0.545 0.688 0.822 0.761
6 0.824 0.029 0.673 0.77
7 0.024 0.139 0.131 0.106
8 0.365 0.996 0.521 0.711
9 0.725 0.394 0.685 0.977
10 0.624 0.586 0.834 0.697
11 0.626 0.155 0.034 0.125
12 0.985 0.058 0.884 0.207
13 0.176 0.575 0.216 0.088
14 0.975 0.134 0.093 0.386
15 0.647 0.624 0.162 0.012
16 0.763 0.317 0.039 0.67
17 0.573 0.401 0.542 0.438
18 0.968 0.401 0.381 0.135
19 0.158 0.941 0.493 0.997
20 0.38 0.377 0.817 0.922
21 0.688 0.4 0.191 0.949
22 0.809 0.615 0.061 0.918
23 0.34 0.442 0.88 0.511
24 0.062 0.668 0.908 0.586
25 0.968 0.897 0.426 0.49
26 0.135 0.965 0.554 0.995
27 0.295 0.249 0.732 0.243
28 0.131 0.46 0.873 0.358
29 0.789 0.089 0.769 0.377
30 0.748 0.423 0.968 0.948
31 0.033 0.594 0.746 0.677
32 0.274 0.624 0.405 0.119
33 0.455 0.261 0.524 0.134
34 0.107 0.608 0.245 0.977
35 0.212 0.075 0.346 0.716
36 0.555 0.017 0.399 0.409
37 0.951 0.845 0.126 0.213
38 0.251 0.459 0.865 0.041
39 0.744 0.396 0.643 0.004
40 0.055 0.187 0.965 0.448
41 0.854 0.505 0.685 0.732
42 0.882 0.391 0.529 0.274
43 0.33 0.425 0.003 0.804
44 0.275 0.779 0.938 0.505
45 0.474 0.876 0.82 0.712
46 0.879 0.957 0.601 0.884
47 0.692 0.034 0.168 0.896
48 0.477 0.538 0.768 0.523
49 0.623 0.948 0.135 0.505
50 0.968 0.89 0.109 0.245
51 0.715 0.097 0.507 0.905
52 0.262 0.224 0.635 0.584
53 0.192 0.004 0.024 0.454
54 0.928 0.979 0.062 0.884
55 0.609 0.296 0.307 0.019
56 0.076 0.483 0.234 0.89
57 0.485 0.441 0.361 0.135
58 0.759 0.009 0.693 0.832
59 0.271 0.263 0.448 0.402
60 0.637 0.089 0.497 0.48
61 0.617 0.459 0.838 0.51
62 0.357 0.812 0.083 0.895
63 0.798 0.156 0.517 0.899
64 0.912 0.34 0.851 0.057
65 0.195 0.134 0.573 0.596
66 0.872 0.414 0.412 0.043
67 0.777 0.07 0.307 0.616
68 0.345 0.269 0.068 0.139
69 0.586 0.973 0.312 0.443
70 0.798 0.584 0.91 0.906
71 0.684 0.444 0.775 0.756
72 0.321 0.455 0.443 0.747
73 0.733 0.542 0.25 0.456
74 0.409 0.022 0.73 0.453
75 0.007 0.567 0.587 0.498
76 0.113 0.086 0.794 0.347
77 0.452 0.284 0.014 0.959
78 0.886 0.046 0.459 0.461
79 0.829 0.347 0.165 0.776
80 0.803 0.553 0.53 0.417
81 0.466 0.762 0.766 0.62
82 0.406 0.385 0.055 0.935
83 0.468 0.857 0.912 0.571
84 0.986 0.287 0.703 0.721
85 0.585 0.667 0.609 0.363
86 0.614 0.972 0.129 0.316
87 0.928 0.808 0.798 0.562
88 0.632 0.001 0.855 0.686
89 0.723 0.62 0.33 0.85
90 0.877 0.124 0.533 0.779
91 0.286 0.488 0.686 0.81
92 0.985 0.63 0.131 0.296
93 0.85 0.226 0.073 0.29
94 0.908 0.04 0.584 0.665
95 0.931 0.232 0.164 0.623
96 0.692 0.161 0.898 0.469
97 0.781 0.108 0.804 0.765
98 0.19 0.095 0.127 0.306
99 0.199 0.953 0.361 0.993
100 0.01 0.765 0.34 0.867
101 0.205 0.927 0.258 0.963
102 0.263 0.51 0.536 0.84
103 0.642 0.049 0.045 0.75
104 0.387 0.493 0.942 0.752
105 0.789 0.174 0.749 0.818
106 0.89 0.265 0.134 0.305
107 0.125 0.674 0.204 0.612
108 0.779 0.86 0.027 0.901
109 0.71 0.158 0.769 0.686
110 0.071 0.863 0.794 0.139
111 0.369 0.358 0.014 0.931
112 0.962 0.401 0.529 0.468
113 0.042 0.391 0.528 0.278
114 0.654 0.852 0.851 0.016
115 0.853 0.831 0.041 0.374
116 0.252 0.058 0.775 0.334
117 0.185 0.84 0.979 0.43
118 0.082 0.826 0.77 0.63
119 0.948 0.495 0.671 0.852
120 0.442 0.667 0.39 0.628
121 0.925 0.531 0.267 0.329
122 0.864 0.119 0.946 0.112
123 0.248 0.185 0.648 0.709
124 0.381 0.799 0.215 0.352
125 0.88 0.448 0.235 0.035
126 0.454 0.067 0.202 0.097
127 0.926 0.192 0.337 0.887
128 0.277 0.721 0.057 0.265
129 0.112 0.938 0.116 0.672
130 0.874 0.127 0.346 0.652
131 0.592 0.176 0.747 0.6
132 0.073 0.84 0.987 0.685
133 0.87 0.736 0.28 0.421
134 0.528 0.291 0.332 0.174
135 0.18 0.035 0.839 0.647
136 0.197 0.869 0.849 0.484
137 0.693 0.986 0.514 0.041
138 0.239 0.581 0.389 0.4
139 0.402 0.114 0.197 0.281
140 0.429 0.522 0.27 0.084
141 0.627 0.328 0.899 0.907
142 0.491 0.11 0.287 0.113
143 0.3 0.526 0.816 0.481
144 0.432 0.219 0.542 0.007
145 0.002 0.428 0.111 0.773
146 0.081 0.337 0.473 0.071
147 0.172 0.604 0.711 0.338
148 0.531 0.139 0.472 0.392
149 0.667 0.482 0.609 0.126
150 0.708 0.543 0.611 0.922
151 0.614 0.743 0.162 0.262
152 0.215 0.281 0.564 0.327
153 0.834 0.978 0.831 0.129
154 0.007 0.965 0.235 0.782
155 0.312 0.343 0.807 0.398
156 0.485 0.308 0.98 0.53
157 0.176 0.116 0.991 0.963
158 0.471 0.693 0.845 0.985
159 0.066 0.871 0.533 0.35
160 0.634 0.758 0.12 0.846
161 0.011 0.598 0.44 0.86
162 0.794 0.506 0.737 0.635
163 0.349 0.965 0.738 0.871
164 0.507 0.649 0.815 0.788
165 0.37 0.106 0.913 0.75
166 0.748 0.425 0.33 0.523
167 0.256 0.512 0.904 0.326
168 0.292 0.456 0.061 0.719
169 0.282 0.078 0.542 0.174
170 0.293 0.728 0.435 0.636
171 0.15 0.028 0.26 0.924
172 0.546 0.725 0.14 0.083
173 0.929 0.844 0.907 0.632
174 0.546 0.705 0.221 0.19
175 0.725 0.077 0.03 0.895
176 0.768 0.128 0.953 0.017
177 0.882 0.64 0.218 0.328
178 0.327 0.372 0.032 0.51
179 0.797 0.142 0.272 0.122
180 0.304 0.462 0.663 0.785
181 0.348 0.82 0.877 0.539
182 0.928 0.018 0.186 0.599
183 0.123 0.003 0.721 0.704
184 0.019 0.926 0.224 0.007
185 0.861 0.163 0.216 0.134
186 0.42 0.177 0.449 0.975
187 0.092 0.074 0.167 0.589
188 0.994 0.338 0.131 0.004
189 0.943 0.862 0.371 0.916
190 0.511 0.063 0.222 0.114
191 0.584 0.263 0.756 0.459
192 0.596 0.106 0.445 0.092
193 0.54 0.042 0.815 0.136
194 0.548 0.159 0.581 0.832
195 0.669 0.431 0.415 0.995
196 0.913 0.421 0.454 0.868
197 0.82 0.553 0.548 0.887
198 0.123 0.653 0.026 0.042
199 0.311 0.023 0.751 0.975
200 0.317 0.653 0.23 0.811
201 0.971 0.063 0.972 0.153
202 0.162 0.689 0.622 0.997
203 0.049 0.706 0.924 0.635
204 0.395 0.398 0.502 0.345
205 0.591 0.672 0.011 0.926
206 0.749 0.175 0.449 0.817
207 0.67 0.807 0.038 0.991
208 0.093 0.22 0.403 0.806
209 0.47 0.401 0.763 0.496
210 0.871 0.426 0.059 0.186
211 0.712 0.964 0.658 0.157
212 0.229 0.982 0.728 0.888
213 0.156 0.122 0.19 0.085
214 0.813 0.606 0.115 0.847
215 0.855 0.198 0.288 0.925
216 0.65 0.506 0.574 0.609
217 0.481 0.573 0.773 0.386
218 0.889 0.6 0.046 0.919
219 0.851 0.614 0.885 0.021
220 0.405 0.574 0.488 0.775
221 0.951 0.605 0.04 0.782
222 0.476 0.793 0.449 0.582
223 0.114 0.943 0.609 0.3
224 0.054 0.999 0.382 0.492
225 0.519 0.828 0.098 0.546
226 0.834 0.966 0.433 0.315
227 0.193 0.502 0.059 0.467
228 0.542 0.292 0.576 0.431
229 0.129 0.114 0.963 0.944
230 0.897 0.013 0.827 0.873
231 0.239 0.791 0.719 0.051
232 0.728 0.726 0.807 0.931
233 0.052 0.51 0.989 0.131
234 0.714 0.704 0.462 0.971
235 0.692 0.515 0.416 0.484
236 0.853 0.781 0.851 0.199
237 0.856 0.709 0.035 0.483
238 0.321 0.07 0.303 0.07
239 0.191 0.929 0.822 0.83
240 0.691 0.734 0.757 0.769
241 0.04 0.033 0.326 0.491
242 0.689 0.413 0.775 0.094
243 0.098 0.317 0.873 0.741
244 0.122 0.463 0.436 0.513
245 0.41 0.387 0.917 0.986
246 0.077 0.213 0.929 0.129
247 0.435 0.793 0.214 0.395
248 0.284 0.558 0.662 0.689
249 0.264 0.485 0.005 0.167
250 0.867 0.492 0.38 0.629
251 0.559 0.762 0.994 0.728
252 0.006 0.249 0.172 0.223
253 0.978 0.875 0.362 0.182
254 0.723 0.087 0.606 0.263
255 0.674 0.911 0.382 0.414
256 0.504 0.464 0.725 0.997
257 0.749 0.935 0.026 0.468
258 0.416 0.141 0.784 0.168
259 0.431 0.439 0.163 0.965
260 0.577 0.281 0.261 0.132
261 0.57 0.77 0.412 0.665
262 0.551 0.938 0.736 0.583
263 0.634 0.276 0.404 0.547
264 0.639 0.595 0.999 0.707
265 0.329 0.868 0.849 0.203
266 0.911 0.644 0.79 0.233
267 0.206 0.878 0.651 0.773
268 0.426 0.508 0.896 0.064
269 0.92 0.006 0.354 0.729
270 0.506 0.86 0.863 0.575
271 0.08 0.163 0.105 0.433
272 0.55 0.685 0.827 0.794
273 0.825 0.731 0.33 0.349
274 0.895 0.176 0.429 0.031
275 0.328 0.052 0.312 0.45
276 0.117 0.133 0.978 0.074
277 0.003 0.633 0.145 0.927
278 0.908 0.641 0.414 0.855
279 0.46 0.809 0.958 0.283
280 0.532 0.73 0.606 0.537
281 0.636 0.621 0.584 0.55
282 0.756 0.35 0.469 0.435
283 0.143 0.279 0.731 0.432
284 0.22 0.129 0.112 0.473
285 0.509 0.046 0.126 0.075
286 0.16 0.481 0.028 0.445
287 0.321 0.963 0.799 0.763
288 0.449 0.82 0.872 0.25
289 0.119 0.421 0.9 0.192
290 0.68 0.144 0.923 0.596
291 0.898 0.829 0.34 0.774
292 0.392 0.207 0.181 0.527
293 0.559 0.067 0.845 0.041
294 0.493 0.885 0.273 0.917
295 0.453 0.455 0.808 0.417
296 0.944 0.405 0.889 0.732
297 0.611 0.217 0.92 0.41
298 0.89 0.9 0.209 0.577
299 0.584 0.631 0.831 0.771
300 0.796 0.631 0.909 0.936
301 0.059 0.635 0.49 0.863
302 0.943 0.253 0.889 0.657
303 0.089 0.481 0.273 0.077
304 0.522 0.999 0.63 0.338
305 0.316 0.636 0.204 0.562
306 0.854 0.164 0.315 0.594
307 0.017 0.421 0.569 0.102
308 0.527 0.425 0.193 0.98
309 0.086 0.336 0.795 0.107
310 0.038 0.386 0.492 0.884
311 0.172 0.115 0.024 0.845
312 0.835 0.773 0.61 0.441
313 0.02 0.294 0.295 0.702
314 0.409 0.811 0.364 0.291
315 0.818 0.951 0.519 0.634
316 0.987 0.061 0.389 0.758
317 0.12 0.568 0.23 0.637
318 0.675 0.124 0.714 0.388
319 0.901 0.607 0.736 0.049
320 0.927 0.486 0.435 0.225
321 0.498 0.883 0.818 0.315
322 0.392 0.982 0.567 0.776
323 0.771 0.315 0.892 0.149
324 0.027 0.238 0.45 0.506
325 0.161 0.026 0.015 0.665
326 0.816 0.769 0.199 0.956
327 0.528 0.897 0.061 0.297
328 0.462 0.836 0.024 0.473
329 0.26 0.407 0.58 0.291
330 0.238 0.999 0.42 0.619
331 0.519 0.208 0.227 0.018
332 0.75 0.035 0.403 0.222
333 0.789 0.633 0.816 0.837
334 0.431 0.036 0.061 0.776
335 0.426 0.961 0.945 0.974
336 0.574 0.657 0.567 0.634
337 0.74 0.204 0.436 0.606
338 0.215 0.347 0.816 0.232
339 0.28 0.775 0.299 0.503
340 0.917 0.874 0.111 0.981
341 0.866 0.496 0.215 0.613
342 0.279 0.064 0.428 0.094
343 0.365 0.132 0.865 0.359
344 0.389 0.085 0.815 0.86
345 0.54 0.862 0.478 0.543
346 0.366 0.421 0.961 0.34
347 0.95 0.051 0.211 0.715
348 0.558 0.187 0.438 0.779
349 0.081 0.739 0.999 0.277
350 0.564 0.444 0.118 0.58
351 0.489 0.005 0.812 0.036
352 0.681 0.057 0.073 0.516
353 0.996 0.154 0.683 0.881
354 0.921 0.625 0.174 0.559
355 0.652 0.377 0.224 0.888
356 0.643 0.87 0.176 0.115
357 0.796 0.648 0.737 0.202
358 0.845 0.179 0.671 0.226
359 0.288 0.485 0.437 0.787
360 0.834 0.618 0.613 0.421
361 0.64 0.593 0.763 0.496
362 0.766 0.406 0.982 0.03
363 0.13 0.21 0.508 0.097
364 0.062 0.699 0.132 0.416
365 1.0 0.865 0.068 0.621
366 0.976 0.846 0.904 0.398
367 0.108 0.11 0.5 0.854
368 0.59 0.442 0.358 0.65
369 0.314 0.907 0.559 0.951
370 0.792 0.808 0.336 0.048
371 0.904 0.165 0.348 0.602
372 0.107 0.408 0.79 0.038
373 0.36 0.462 0.45 0.928
374 0.879 0.134 0.421 0.633
375 0.766 0.601 0.5 0.249
376 0.697 0.026 0.165 0.877
377 0.538 0.006 0.621 0.45
378 0.279 0.885 0.935 0.924
379 0.428 0.543 0.008 0.693
380 0.232 0.33 0.449 0.368
381 0.228 0.939 0.974 0.427
382 0.69 0.444 0.514 0.875
383 0.138 0.325 0.347 0.849
384 0.784 0.822 0.761 0.973
385 0.751 0.962 0.411 0.207
386 0.653 0.437 0.393 0.092
387 0.465 0.118 0.843 0.868
388 0.575 0.502 0.562 0.375
389 0.787 0.744 0.322 0.946
390 0.862 0.826 0.653 0.829
391 0.232 0.461 0.614 0.532
392 0.522 0.147 0.913 0.15
393 0.613 0.331 0.273 0.468
394 0.301 0.465 0.531 0.174
395 0.688 0.463 0.643 0.379
396 0.16 0.754 0.041 0.067
397 0.581 0.662 0.741 0.697
398 0.97 0.821 0.523 0.961
399 0.246 0.094 0.979 0.436
400 0.509 0.049 0.238 0.608
401 0.636 0.024 0.333 0.674
402 0.485 0.795 0.793 0.378
403 0.254 0.502 0.052 0.322
404 0.26 0.113 0.851 0.872
405 0.781 0.537 0.846 0.874
406 0.215 0.929 0.762 0.707
407 0.335 0.91 0.794 0.394
408 0.046 0.437 0.718 0.549
409 0.483 0.524 0.951 0.515
410 0.645 0.374 0.163 0.038
411 0.51 0.469 0.362 0.065
412 0.029 0.478 0.161 0.024
413 0.266 0.916 0.942 0.677
414 0.669 0.954 0.253 0.025
415 0.794 0.58 0.134 0.681
416 0.95 0.112 0.599 0.018
417 0.766 0.004 0.177 0.726
418 0.226 0.418 0.009 0.393
419 0.122 0.306 0.409 0.847
420 0.956 0.679 0.614 0.684
421 0.27 0.823 0.005 0.727
422 0.748 0.627 0.456 0.739
423 0.496 0.552 0.503 0.731
424 0.34 0.169 0.995 0.856
425 0.145 0.943 0.74 0.376
426 0.818 0.151 0.381 0.311
427 0.451 0.81 0.941 0.505
428 0.838 0.05 0.167 0.324
429 0.009 0.211 0.032 0.418
430 0.726 0.775 0.988 0.464
431 0.738 0.744 0.843 0.833
432 0.138 0.029 0.479 0.082
433 0.462 0.385 0.156 0.739
434 0.68 0.185 0.542 0.526
435 0.838 0.023 0.61 0.678
436 0.147 0.551 0.725 0.174
437 0.341 0.404 0.253 0.434
438 0.96 0.876 0.951 0.121
439 0.236 0.557 0.917 0.274
440 0.679 0.136 0.386 0.205
441 0.441 0.765 0.137 0.827
442 0.905 0.053 0.02 0.161
443 0.27 0.702 0.663 0.138
444 0.981 0.424 0.953 0.44
445 0.896 0.364 0.407 0.323
446 0.699 0.238 0.629 0.191
447 0.567 0.24 0.711 0.839
448 0.681 0.834 0.556 0.193
449 0.936 0.265 0.138 0.451
450 0.776 0.382 0.813 0.57
451 0.849 0.605 0.99 0.033
452 0.155 0.984 0.047 0.287
453 0.574 0.285 0.995 0.676
454 0.457 0.793 0.569 0.346
455 0.583 0.534 0.297 0.654
456 0.836 0.668 0.884 0.405
457 0.193 0.671 0.705 0.122
458 0.119 0.149 0.411 0.245
459 0.735 0.564 0.951 0.586
460 0.998 0.648 0.006 0.449
461 0.243 0.53 0.823 0.308
462 0.763 0.693 0.777 0.863
463 0.892 0.192 0.472 0.808
464 0.834 0.867 0.755 0.662
465 0.364 0.267 0.586 0.71
466 0.056 0.06 0.774 0.991
467 0.667 0.297 0.034 0.196
468 0.087 0.918 0.932 0.161
469 0.455 0.006 0.745 0.175
470 0.958 0.056 0.342 0.798
471 0.739 0.996 0.532 0.729
472 0.406 0.867 0.909 0.616
473 0.04 0.249 0.874 0.118
474 0.617 0.035 0.504 0.065
475 0.682 0.973 0.778 0.849
476 0.004 0.604 0.794 0.774
477 0.849 0.239 0.628 0.81
478 0.917 0.967 0.395 0.78
479 0.909 0.554 0.96 0.12
480 0.806 0.177 0.959 0.95
481 0.738 0.433 0.186 0.938
482 0.323 0.469 0.06 0.754
483 0.681 0.305 0.292 0.892
484 0.801 0.689 0.874 0.141
485 0.382 0.583 0.006 0.766
486 0.259 0.373 0.933 0.779
487 0.336 0.51 0.845 0.265
488 0.683 0.472 0.658 0.889
489 0.153 0.257 0.823 0.787
490 0.482 0.128 0.264 0.679
491 0.522 0.014 0.248 0.859
492 0.126 0.463 0.706 0.089
493 0.233 0.339 0.726 0.444
494 0.974 0.298 0.099 0.079
495 0.611 0.14 0.03 0.513
496 0.771 0.428 0.647 0.89
497 0.454 0.619 0.138 0.15
498 0.652 0.489 0.667 0.097
499 0.237 0.466 0.474 0.932
500 0.98 0.708 0.991 0.831
501 0.07 0.983 0.518 0.947
502 0.459 0.061 0.603 0.593
503 0.059 0.79 0.356 0.865
504 0.028 0.152 0.807 0.807
505 0.008 0.792 0.071 0.925
506 0.338 0.443 0.426 0.385
507 0.195 0.184 0.008 0.67
508 0.851 0.844 0.03 0.298
509 0.386 0.677 0.027 0.099
510 0.663 0.935 0.389 0.201
511 0.865 0.335 0.431 0.183
512 0.681 0.021 0.884 0.066
513 0.243 0.64 0.521 0.589
514 0.927 0.601 0.523 0.843
515 0.577 0.548 0.92 0.34
516 0.93 0.352 0.696 0.368
517 0.135 0.855 0.126 0.196
518 0.357 0.824 0.602 0.043
519 0.013 0.428 0.613 0.932
520 0.851 0.681 0.384 0.465
521 0.427 0.719 0.725 0.545
522 0.02 0.861 0.337 0.072
523 0.187 0.865 0.162 0.268
524 0.822 0.88 0.096 0.913
525 0.895 0.28 0.707 0.578
526 0.297 0.099 0.698 0.836
527 0.369 0.985 0.779 0.301
528 0.228 0.918 0.205 0.525
529 0.302 0.341 0.374 0.625
530 0.646 0.27 0.005 0.891
531 0.039 0.545 0.836 0.585
532 0.872 0.08 0.059 0.13
533 0.21 0.998 0.091 0.375
534 0.105 0.094 0.37 0.063
535 0.653 0.013 0.194 0.051
536 0.292 0.399 0.117 0.657
537 0.035 0.013 0.963 0.213
538 0.784 0.78 0.701 0.536
539 0.788 0.126 0.855 0.65
540 0.708 0.057 0.642 0.848
541 0.494 0.921 0.972 0.203
542 0.405 0.906 0.158 0.169
543 0.448 0.294 0.387 0.452
544 0.858 0.405 0.135 0.975
545 0.254 0.621 0.965 0.818
546 0.773 0.569 0.845 0.799
547 0.784 0.031 0.522 0.889
548 0.851 0.978 0.167 0.791
549 0.576 0.71 0.684 0.173
550 0.901 0.551 0.375 0.198
551 0.656 0.419 0.054 0.388
552 0.857 0.179 0.576 0.526
553 0.411 0.249 0.443 0.186
554 0.766 0.153 0.297 0.518
555 0.652 0.526 0.885 0.547
556 0.681 0.305 0.504 0.727
557 0.439 0.342 0.656 0.523
558 0.172 0.133 0.49 0.272
559 0.955 0.976 0.512 0.456
560 0.755 0.554 0.96 0.088
561 0.278 0.367 0.567 0.511
562 0.957 0.07 0.064 0.411
563 0.267 0.551 0.913 0.545
564 0.284 0.183 0.236 0.849
565 0.413 0.675 0.809 0.533
566 0.487 0.313 0.009 0.383
567 0.011 0.588 0.126 0.842
568 0.317 0.475 0.665 0.072
569 0.526 0.263 0.64 0.953
570 0.146 0.189 0.335 0.507
571 0.971 0.607 0.134 0.634
572 0.001 0.996 0.239 0.83
573 0.815 0.841 0.912 0.417
574 0.637 0.1 0.594 0.444
575 0.915 0.616 0.347 0.401
576 0.862 0.032 0.459 0.303
577 0.655 0.391 0.153 0.691
578 0.723 0.92 0.614 0.172
579 0.544 0.297 0.08 0.607
580 0.899 0.853 0.569 0.274
581 0.472 0.2 0.984 0.847
582 0.984 0.934 0.623 0.269
583 0.848 0.978 0.126 0.023
584 0.744 0.445 0.132 0.451
585 0.594 0.786 0.35 0.237
586 0.59 0.91 0.485 0.427
587 0.545 0.964 0.791 0.364
588 0.721 0.674 0.738 0.919
589 0.209 0.109 0.359 0.022
590 0.65 0.612 0.842 0.5
591 0.545 0.025 0.581 0.988
592 0.315 0.761 0.78 0.762
593 0.98 0.732 0.077 0.38
594 0.207 0.734 0.869 0.333
595 0.122 0.341 0.156 0.315
596 0.562 0.237 0.662 0.875
597 0.237 0.503 0.286 0.476
598 0.58 0.174 0.441 0.98
599 0.748 0.249 0.98 0.267
600 0.969 0.339 0.063 0.92
601 0.179 0.557 0.865 0.502
602 0.11 0.078 0.154 0.766
603 0.403 0.8 0.479 0.383
604 0.686 0.063 0.827 0.453
605 0.702 0.694 0.419 0.381
606 0.801 0.904 0.716 0.734
607 0.0 0.437 0.916 0.725
608 0.43 0.575 0.758 0.051
609 0.754 0.269 0.547 0.969
610 0.443 0.316 0.213 0.945
611 0.119 0.703 0.342 0.895
612 0.057 0.111 0.215 0.098
613 0.049 0.705 0.852 0.059
614 0.982 0.297 0.021 0.017
615 0.404 0.994 0.914 0.232
616 0.794 0.793 0.348 0.032
617 0.855 0.746 0.771 0.147
618 0.378 0.914 0.367 0.586
619 0.202 0.465 0.811 0.528
620 0.438 0.306 0.533 0.78
621 0.21 0.403 0.07 0.355
622 0.683 0.336 0.128 0.689
623 0.431 0.065 0.07 0.773
624 0.795 0.536 0.082 0.933
625 0.613 0.081 0.348 0.592
626 0.348 0.245 0.336 0.058
627 0.054 0.112 0.759 0.371
628 0.595 0.786 0.278 0.098
629 0.929 0.621 0.684 0.177
630 0.875 0.597 0.119 0.797
631 0.441 0.68 0.572 0.495
632 0.482 0.274 0.343 0.933
633 0.571 0.246 0.314 0.706
634 0.587 0.049 0.365 0.302
635 0.221 0.336 0.177 0.17
636 0.64 0.664 0.632 0.771
637 0.472 0.82 0.482 0.924
638 0.133 0.121 0.102 0.506
639 0.359 0.882 0.517 0.193
640 0.097 0.612 0.458 0.813
641 0.234 0.118 0.725 0.056
642 0.997 0.86 0.935 0.137
643 0.783 0.941 0.678 0.221
644 0.199 0.577 0.523 0.018
645 0.226 0.824 0.911 0.769
646 0.227 0.765 0.516 0.241
647 0.176 0.915 0.491 0.097
648 0.671 0.683 0.329 0.082
649 0.161 0.808 0.136 0.463
650 0.623 0.755 0.442 0.278
651 0.2 0.098 0.265 0.903
652 0.192 0.527 0.643 0.203
653 0.622 0.188 0.502 0.748
654 0.035 0.738 0.622 0.375
655 0.005 0.208 0.902 0.871
656 0.573 0.361 0.996 0.003
657 0.962 0.722 0.362 0.507
658 0.508 0.532 0.34 0.907
659 0.675 0.806 0.307 0.98
660 0.278 0.38 0.52 0.685
661 0.418 0.147 0.926 0.351
662 0.095 0.676 0.613 0.466
663 0.145 0.728 0.316 0.414
664 0.478 0.968 0.365 0.578
665 0.355 0.185 0.033 0.153
666 0.246 0.417 0.958 0.682
667 0.405 0.729 0.56 0.986
668 0.557 0.726 0.421 0.305
669 0.465 0.849 0.659 0.702
670 0.933 0.307 0.43 0.661
671 0.04 0.442 0.268 0.578
672 0.146 0.112 0.108 0.167
673 0.713 0.459 0.211 0.482
674 0.739 0.377 0.52 0.267
675 0.832 0.402 0.426 0.248
676 0.454 0.73 0.797 0.055
677 0.711 0.999 0.256 0.779
678 0.801 0.466 0.316 0.936
679 0.232 0.744 0.674 0.429
680 0.985 0.354 0.271 0.888
681 0.572 0.055 0.378 0.047
682 0.7 0.213 0.727 0.219
683 0.825 0.02 0.736 0.539
684 0.911 0.062 0.565 0.796
685 0.678 0.041 0.031 0.593
686 0.383 0.342 0.007 0.455
687 0.921 0.496 0.65 0.865
688 0.6 0.311 0.909 0.948
689 0.918 0.649 0.373 0.797
690 0.48 0.58 0.106 0.305
691 0.194 0.318 0.112 0.294
692 0.927 0.528 0.402 0.719
693 0.585 0.225 0.501 0.459
694 0.063 0.94 0.617 0.418
695 0.896 0.702 0.794 0.674
696 0.814 0.676 0.47 0.062
697 0.579 0.423 0.828 0.166
698 0.743 0.137 0.171 0.995
699 0.053 0.803 0.852 0.647
700 0.304 0.527 0.38 0.078
701 0.753 0.633 0.285 0.881
702 0.012 0.323 0.491 0.585
703 0.709 0.013 0.916 0.767
704 0.656 0.435 0.42 0.59
705 0.911 0.959 0.646 0.244
706 0.901 0.547 0.195 0.619
707 0.527 0.084 0.902 0.947
708 0.78 0.967 0.456 0.804
709 0.014 0.559 0.777 0.646
710 0.975 0.841 0.18 0.389
711 0.253 0.053 0.309 0.544
712 0.143 0.583 0.748 0.504
713 0.033 0.295 0.291 0.731
714 0.201 0.049 0.234 0.994
715 0.903 0.37 0.438 0.32
716 0.532 0.92 0.66 0.672
717 0.381 0.644 0.766 0.589
718 0.782 0.664 0.651 0.541
719 0.818 0.822 0.256 0.554
720 0.718 0.93 0.014 0.832
721 0.305 0.229 0.481 0.57
722 0.955 0.333 0.211 0.432
723 0.715 0.949 0.507 0.626
724 0.891 0.267 0.72 0.855
725 0.661 0.94 0.458 0.04
726 0.166 0.232 0.703 0.502
727 0.102 0.278 0.314 0.505
728 0.597 0.092 0.51 0.058
729 0.943 0.655 0.666 0.661
730 0.514 0.487 0.047 0.045
731 0.652 0.81 0.237 0.654
732 0.933 0.266 0.767 0.466
733 0.771 0.69 0.034 0.646
734 0.378 0.023 0.615 0.587
735 0.483 0.129 0.33 0.612
736 0.653 0.355 0.328 0.747
737 0.021 0.162 0.99 0.159
738 0.094 0.061 0.652 0.663
739 0.275 0.128 0.299 0.881
740 0.05 0.532 0.541 0.379
741 0.818 0.013 0.893 0.995
742 0.636 0.697 0.026 0.431
743 0.838 0.337 0.139 0.611
744 0.292 0.858 0.4 0.64
745 0.709 0.721 0.041 0.113
746 0.101 0.537 0.084 0.108
747 0.784 0.242 0.737 0.009
748 0.434 0.005 0.675 0.333
749 0.41 0.565 0.026 0.0
750 0.857 0.307 0.521 0.472
751 0.533 0.121 0.744 0.211
752 0.46 0.512 0.861 0.64
753 0.678 0.336 0.856 0.834
754 0.176 0.341 0.608 0.567
755 0.033 0.518 0.306 0.441
756 0.391 0.577 0.682 0.827
757 0.456 0.802 0.296 0.765
758 0.628 0.783 0.121 0.197
759 0.01 0.633 0.885 0.014
760 0.622 0.169 0.619 0.983
761 0.874 0.124 0.611 0.81
762 0.763 0.634 0.869 0.142
763 0.998 0.051 0.096 0.885
764 0.981 0.054 0.018 0.167
765 0.744 0.344 0.781 0.695
766 0.872 0.958 0.215 0.175
767 0.022 0.676 0.987 0.0
768 0.945 0.259 0.085 0.044
769 0.665 0.697 0.84 0.396
770 0.969 0.805 0.234 0.391
771 0.867 0.028 0.277 0.626
772 0.024 0.397 0.846 0.114
773 0.386 0.059 0.583 0.29
774 0.668 0.424 0.47 0.804
775 0.532 0.464 0.187 0.903
776 0.42 0.513 0.916 0.89
777 0.173 0.635 0.259 0.535
778 0.791 0.066 0.052 0.222
779 0.865 0.203 0.812 0.037
780 0.386 0.965 0.338 0.198
781 0.057 0.591 0.398 0.67
782 0.807 0.709 0.443 0.647
783 0.816 0.753 0.933 0.811
784 0.352 0.318 0.524 0.433
785 0.987 0.833 0.681 0.589
786 0.74 0.252 0.074 0.445
787 0.837 0.431 0.606 0.37
788 0.887 0.829 0.467 0.894
789 0.652 0.093 0.756 0.804
790 0.574 0.473 0.206 0.31
791 0.004 0.306 0.208 0.625
792 0.394 0.534 0.624 0.2
793 0.404 0.806 0.08 0.992
794 0.478 0.507 0.749 0.95
795 0.763 0.3 0.159 0.894
796 0.953 0.819 0.674 0.504
797 0.629 0.777 0.256 0.46
798 0.179 0.731 0.499 0.967
799 0.051 0.624 0.447 0.697
800 0.294 0.525 0.544 0.183
801 0.843 0.338 0.069 0.658
802 0.756 0.066 0.353 0.952
803 0.972 0.668 0.575 0.566
804 0.799 0.199 0.426 0.86
805 0.451 0.395 0.336 0.349
806 0.618 0.288 0.777 0.61
807 0.205 0.25 0.068 0.478
808 0.817 0.153 0.1 0.337
809 0.357 0.076 0.1 0.156
810 0.576 0.461 0.929 0.037
811 0.148 0.42 0.196 0.534
812 0.19 0.671 0.963 0.645
813 0.873 0.092 0.457 0.865
814 0.859 0.157 0.036 0.584
815 0.778 0.456 0.205 0.382
816 0.036 0.037 0.002 0.199
817 0.206 0.938 0.109 0.996
818 0.465 0.38 0.759 0.695
819 0.441 0.685 0.714 0.74
820 0.266 0.559 0.301 0.244
821 0.679 0.809 0.248 0.059
822 0.1 0.762 0.902 0.828
823 0.468 0.596 0.126 0.681
824 0.211 0.025 0.545 0.145
825 0.437 0.044 0.469 0.733
826 0.361 0.882 0.675 0.658
827 0.434 0.627 0.454 0.081
828 0.155 0.987 0.346 0.84
829 0.689 0.472 0.378 0.138
830 0.229 0.725 0.793 0.122
831 0.475 0.386 0.074 0.387
832 0.82 0.127 0.301 0.049
833 0.163 0.852 0.108 0.664
834 0.984 0.874 0.073 0.691
835 0.102 0.294 0.079 0.377
836 0.332 0.228 0.393 0.339
837 0.784 0.717 0.067 0.553
838 0.361 0.87 0.589 0.896
839 0.094 0.493 0.991 0.941
840 0.228 0.963 0.921 1.0
841 0.128 0.243 0.185 0.419
842 0.772 0.806 0.139 0.231
843 0.125 0.711 0.475 0.352
844 0.128 0.796 0.005 0.525
845 0.181 0.658 0.206 0.595
846 0.101 0.442 0.59 0.748
847 0.906 0.471 0.299 0.631
848 0.063 0.971 0.1 0.525
849 0.831 0.787 0.841 0.683
850 0.974 0.707 0.337 0.239
851 0.732 0.934 0.649 0.751
852 0.731 0.468 0.834 0.774
853 0.544 0.925 0.691 0.885
854 0.924 0.914 0.255 0.951
855 0.905 0.481 0.46 0.231
856 0.329 0.952 0.338 0.717
857 0.833 0.065 0.262 0.347
858 0.997 0.054 0.825 0.345
859 0.217 0.907 0.212 0.442
860 0.732 0.114 0.287 0.062
861 0.604 0.822 0.879 0.367
862 0.528 0.129 0.274 0.543
863 0.193 0.961 0.272 0.87
864 0.149 0.287 0.267 0.657
865 0.911 0.752 0.932 0.945
866 0.247 0.459 0.341 0.636
867 0.402 0.96 0.963 0.97
868 0.003 0.655 0.718 0.088
869 0.292 0.151 0.948 0.27
870 0.192 0.383 0.394 0.552
871 0.509 0.793 0.052 0.316
872 0.686 0.405 0.812 0.993
873 0.372 0.402 0.135 0.94
874 0.215 0.409 0.493 0.029
875 0.0 0.52 0.992 0.627
876 0.479 0.901 0.779 0.517
877 0.198 0.106 0.937 0.316
878 0.402 0.315 0.764 0.248
879 0.411 0.166 0.865 0.225
880 0.426 0.178 0.656 0.517
881 0.431 0.106 0.928 0.059
882 0.486 0.536 0.994 0.468
883 0.138 0.472 0.267 0.658
884 0.4 0.084 0.398 0.919
885 0.209 0.58 0.275 0.108
886 0.058 0.304 0.78 0.742
887 0.963 0.959 0.486 0.058
888 0.728 0.649 0.255 0.687
889 0.139 0.314 0.411 0.029
890 0.841 0.31 0.518 0.938
891 0.378 0.682 0.909 0.14
892 0.855 0.363 0.676 0.873
893 0.934 0.633 0.575 0.222
894 0.524 0.361 0.185 0.769
895 0.634 0.303 0.714 0.293
896 0.608 0.886 0.006 0.329
897 0.955 0.238 0.702 0.558
898 0.706 0.562 0.421 0.551
899 0.468 0.587 0.866 0.38
900 0.882 0.058 0.382 0.793
901 0.221 0.907 0.621 0.641
902 0.453 0.366 0.96 0.983
903 0.361 0.727 0.752 0.044
904 0.898 0.6 0.959 0.711
905 0.639 0.412 0.849 0.296
906 0.931 0.311 0.594 0.688
907 0.841 0.993 0.432 0.527
908 0.454 0.776 0.141 0.835
909 0.47 0.74 0.269 0.056
910 0.504 0.755 0.416 0.068
911 0.802 0.607 0.661 0.807
912 0.678 0.489 0.078 0.339
913 0.379 0.005 0.228 0.369
914 0.522 0.456 0.477 0.33
915 0.835 0.68 0.657 0.456
916 0.695 0.794 0.207 0.043
917 0.411 0.066 0.494 0.779
918 0.758 0.013 0.265 0.031
919 0.098 0.011 0.518 0.003
920 0.434 0.806 0.125 0.573
921 0.661 0.757 0.694 0.177
922 0.76 0.735 0.604 0.166
923 0.241 0.688 0.186 0.366
924 0.908 0.439 0.686 0.061
925 0.666 0.788 0.574 0.69
926 0.284 0.909 0.267 0.472
927 0.521 0.718 0.06 0.523
928 0.417 0.45 0.653 0.376
929 0.007 0.577 0.325 0.274
930 0.908 0.997 0.681 0.039
931 0.54 0.456 0.638 0.661
932 0.199 0.589 0.546 0.729
933 0.733 0.915 0.365 0.408
934 0.071 0.067 0.602 0.936
935 0.771 0.665 0.331 0.813
936 0.528 0.205 0.401 0.569
937 0.543 0.841 0.285 0.115
938 0.018 0.034 0.073 0.204
939 0.842 0.272 0.679 0.654
940 0.71 0.355 0.565 0.981
941 0.369 0.242 0.602 0.421
942 0.443 0.108 0.28 0.181
943 0.976 0.617 0.567 0.896
944 0.319 0.196 0.333 0.197
945 0.437 0.734 0.447 0.198
946 0.831 0.739 0.294 0.517
947 0.063 0.633 0.386 0.661
948 0.824 0.144 0.127 0.18
949 0.172 0.801 0.345 0.378
950 0.556 0.081 0.869 0.521
951 0.114 0.293 0.176 0.91
952 0.573 0.026 0.379 0.225
953 0.755 0.742 0.423 0.091
954 0.614 0.717 0.156 0.167
955 0.163 0.872 0.718 0.817
956 0.067 0.903 0.398 0.721
957 0.348 0.517 0.087 0.7
958 0.192 0.278 0.775 0.742
959 0.233 0.881 0.61 0.563
960 0.649 0.55 0.068 0.577
961 0.72 0.175 0.145 0.217
962 0.979 0.603 0.598 0.458
963 0.546 0.444 0.415 0.023
964 0.546 0.243 0.116 0.918
965 0.576 0.717 0.834 0.832
966 0.063 0.427 0.072 0.054
967 0.901 0.122 0.601 0.721
968 0.761 0.554 0.321 0.441
969 0.403 0.586 0.351 0.903
970 0.065 0.349 0.054 0.634
971 0.516 0.265 0.669 0.168
972 0.095 0.032 0.864 0.515
973 0.482 0.537 0.225 0.261
974 0.321 0.765 0.19 0.279
975 0.939 0.447 0.921 0.422
976 0.507 0.066 0.246 0.131
977 0.346 0.512 0.634 0.614
978 0.568 0.141 0.906 0.332
979 0.946 0.945 0.936 0.461
980 0.062 0.407 0.667 0.049
981 0.495 0.392 0.639 0.054
982 0.432 0.576 0.492 0.609
983 0.151 0.663 0.13 0.924
984 0.761 0.782 0.382 0.698
985 0.683 0.082 0.862 0.369
986 0.738 0.339 0.46 0.944
987 0.21 0.085 0.496 0.385
988 0.838 0.573 0.103 0.987
989 0.429 0.821 0.2 0.038
990 0.993 0.175 0.197 0.375
991 0.258 0.108 0.233 0.045
992 0.731 0.937 0.13 0.182
993 0.72 0.739 0.032 0.48
994 0.412 0.53 0.839 0.709
995 0.857 0.294 0.481 0.381
996 0.428 0.331 0.59 0.295
997 0.971 0.643 0.317 0.195
998 0.938 0.629 0.197 0.985
999 0.261 0.638 0.704 0.091
1000 0.513 0.981 0.544 0.094
;
